0.0,0.2486086377771397,0.4867997607203327,0.5555555555555556,1.0,0.42264973081037427,0.6150998205402495,1.0,0.9358499700900416,1.0,1.0,1.0,1.0,0.5131355044398525,1.0,0.2943496709904574,1.0,0.8075499102701247,0.7090428130186768,0.2204205571308927,0.21752410994426263,0.5463907883734855,0.6557348136704519,0.3280631590947072,1.0,1.0,1.0,0.2928932188134524,1.0,1.0,0.33333333333333337,1.0,0.7433998803601664,1.0,1.0,0.1876376055400768,0.2697032566597787,1.0,1.0,0.8639172365120457,1.0,1.0,1.0,1.0,0.4908249227826844,0.1998677358013613,0.5131355044398525,1.0,1.0,0.3264246859454366,0.7278344730240913,0.3036893761772086,1.0,0.4522774424948339,1.0,1.0,1.0,0.6150998205402495,0.22848325018954052,0.3195861825602283,0.18350341907227408,1.0,1.0,1.0,1.0,0.6371126306987884,1.0,1.0,1.0,1.0,0.9214325798681614,0.9139337034176129,1.0,0.8639172365120457,1.0,1.0,1.0,1.0,1.0,1.0,1.0,1.0,0.41808562603735366,1.0,1.0,1.0,1.0,1.0,1.0,1.0,1.0,1.0,0.23019964108049895,1.0,0.6150998205402495,1.0,1.0,0.4621438024069172,1.0,1.0,0.8185563153493942,0.7278344730240913
0.2486086377771397,0.0,0.4794207937046464,0.5491651826662838,1.0,0.3232470318160404,0.3753049524455757,1.0,0.9479420793704646,1.0,1.0,1.0,1.0,0.4073622420102462,1.0,0.2191311905569696,1.0,0.8438262381113939,0.7048593319495224,0.1675910522349664,0.171763554438651,0.5950844043922293,0.5110987929612953,0.18208218809080357,1.0,1.0,1.0,0.17115027301766017,1.0,1.0,0.23358081053268243,1.0,0.7397103968523232,1.0,1.0,0.24658942504318226,0.30858928234528726,1.0,0.926378982616769,0.8895684739251535,1.0,1.0,0.8116473562607955,1.0,0.40971866389904477,0.23263426306875812,0.20981632268032835,0.8724846573873324,1.0,0.3753049524455757,0.7239211848128837,0.2936775859779833,1.0,0.3579757621777667,1.0,1.0,0.8438262381113939,0.6095655952784849,0.16521612887031778,0.19016880878445863,0.11654779140122773,1.0,1.0,1.0,0.779136947850307,0.4846528783173828,1.0,1.0,1.0,1.0,0.9362423286936662,0.9301569704230421,1.0,0.6687054217754604,1.0,1.0,1.0,1.0,1.0,1.0,0.921913119055697,0.7449693147746647,0.5277749311192358,0.7048593319495224,1.0,1.0,1.0,1.0,1.0,1.0,1.0,1.0,0.271189111186505,1.0,0.6095655952784849,1.0,0.7850276908299945,0.43515421744059346,1.0,1.0,0.5214633870089983,0.6687054217754604
0.4867997607203327,0.4794207937046464,0.0,0.6150998205402495,0.8333333333333334,0.2222222222222222,0.41666666666666663,0.5555555555555556,1.0,0.7642977396044842,0.6666666666666667,0.5783629786442162,1.0,0.3675444679663241,1.0,0.5555555555555556,0.5590414481559016,1.0,0.37005921165128797,0.4314647563850388,0.4107443490112105,0.8428651597363228,0.5527864045000421,0.41808562603735366,0.5527864045000421,1.0,1.0,0.45566894604818264,1.0,1.0,0.42264973081037427,1.0,0.4444444444444444,0.6436516774501009,0.5149287499273341,0.5979848738963152,0.3675444679663241,1.0,0.6857303194726456,1.0,1.0,0.925464400750007,1.0,0.9037749551350623,0.7480236846605153,0.3070651328164168,0.5783629786442162,0.7278344730240913,0.7891814893221081,0.6666666666666667,0.5285954792089684,0.39697731084447274,0.6557348136704519,0.3675444679663241,0.75,0.683772233983162,0.5833333333333333,0.6666666666666667,0.4654775161751512,0.5285954792089683,0.5285954792089684,0.6436516774501009,1.0,1.0,0.7642977396044842,0.6857303194726456,1.0,1.0,0.7642977396044842,1.0,1.0,1.0,0.6436516774501009,1.0,0.8075499102701247,1.0,0.5377498364789757,1.0,1.0,1.0,1.0,1.0,0.7480236846605153,1.0,0.7226499018873854,1.0,0.6220355269907728,1.0,0.8333333333333334,1.0,1.0,0.8888888888888888,0.5555555555555556,1.0,0.8333333333333334,1.0,1.0,0.7808013502595236,0.8470561774196255,1.0,0.8428651597363228,1.0
0.5555555555555556,0.5491651826662838,0.6150998205402495,0.0,1.0,0.6150998205402495,0.7113248654051871,1.0,1.0,1.0,1.0,1.0,1.0,0.6348516283298893,1.0,0.6150998205402495,1.0,1.0,0.7817821097640076,0.5076340360826691,0.4896896369201713,0.8639172365120457,0.7418011102528389,0.37005921165128797,1.0,1.0,1.0,0.5285954792089682,1.0,1.0,0.33333333333333326,1.0,0.8075499102701247,1.0,1.0,0.6518446880886043,0.6348516283298893,1.0,1.0,1.0,1.0,1.0,1.0,1.0,0.7817821097640076,0.5635642195280153,0.4522774424948339,1.0,1.0,0.7113248654051871,0.5917517095361371,0.3036893761772086,1.0,0.6348516283298893,1.0,1.0,1.0,0.42264973081037416,0.5370899501137243,0.5917517095361369,0.5917517095361371,1.0,1.0,1.0,1.0,0.7278344730240913,1.0,1.0,1.0,1.0,1.0,1.0,1.0,1.0,1.0,1.0,1.0,1.0,1.0,1.0,1.0,1.0,0.7817821097640076,1.0,1.0,1.0,1.0,1.0,1.0,1.0,1.0,1.0,0.6150998205402495,1.0,0.8556624327025936,1.0,1.0,0.8101684008495003,1.0,1.0,0.8639172365120457,1.0
1.0,1.0,0.8333333333333334,1.0,0.0,0.8333333333333334,1.0,0.8333333333333334,1.0,1.0,1.0,0.841886116991581,1.0,1.0,1.0,1.0,0.43305329048615915,1.0,0.8110177634953863,1.0,1.0,1.0,0.7763932022500211,1.0,1.0,1.0,1.0,1.0,1.0,1.0,1.0,1.0,0.8333333333333334,0.5991081371313633,0.3936609374091675,1.0,0.841886116991581,1.0,0.4107443490112104,1.0,1.0,0.5527864045000421,1.0,0.7113248654051871,1.0,0.9055088817476932,1.0,0.3876275643042054,1.0,1.0,0.6464466094067263,1.0,0.6127016653792583,1.0,0.5,0.3675444679663241,0.875,1.0,1.0,1.0,1.0,0.8663693790437879,1.0,1.0,1.0,1.0,1.0,1.0,0.6464466094067263,1.0,1.0,1.0,0.5991081371313633,1.0,1.0,0.7113248654051871,0.5839748528310782,1.0,1.0,1.0,1.0,1.0,1.0,1.0,0.7226499018873854,1.0,0.6220355269907728,1.0,1.0,0.7763932022500211,1.0,0.6666666666666667,0.8333333333333334,1.0,1.0,1.0,0.7705842661294382,1.0,0.4264606653235956,1.0,1.0,1.0
0.42264973081037427,0.3232470318160404,0.2222222222222222,0.6150998205402495,0.8333333333333334,0.0,0.41666666666666663,0.6666666666666667,1.0,0.882148869802242,1.0,0.683772233983162,1.0,0.3675444679663241,1.0,0.4444444444444444,0.6220355269907728,0.6666666666666667,0.49604736932103044,0.3603978509331687,0.29289321881345254,0.6857303194726456,0.40371520600005606,0.27260703254669205,0.7018576030000281,1.0,1.0,0.3195861825602282,1.0,1.0,0.42264973081037427,1.0,0.5555555555555556,0.7327387580875756,0.5957739582727783,0.49748109237039395,0.26213521262737816,1.0,0.6071628993408069,1.0,1.0,0.925464400750007,0.7989924369481576,1.0,0.6220355269907728,0.3070651328164168,0.4729537233052701,0.5917517095361369,0.894590744661054,0.6666666666666667,0.5285954792089684,0.39697731084447274,0.7418011102528389,0.1567259572884322,0.75,0.683772233983162,0.5833333333333333,0.6666666666666667,0.3763904355376765,0.4500280590771297,0.29289321881345254,0.7327387580875756,1.0,1.0,0.7642977396044842,0.6857303194726456,1.0,1.0,0.7642977396044842,1.0,1.0,0.850928801500014,0.6436516774501009,1.0,0.8075499102701247,1.0,0.5377498364789757,1.0,1.0,1.0,1.0,1.0,0.7480236846605153,1.0,0.7226499018873854,1.0,0.6220355269907728,1.0,1.0,1.0,1.0,0.8888888888888888,0.5555555555555556,1.0,0.8333333333333334,1.0,1.0,0.7808013502595236,0.8470561774196255,1.0,0.8428651597363228,1.0
0.6150998205402495,0.3753049524455757,0.41666666666666663,0.7113248654051871,1.0,0.41666666666666663,0.0,0.75,1.0,0.8232233047033631,0.75,0.7628291754873715,1.0,0.4466014094705336,1.0,0.41666666666666663,0.8582633226215398,1.0,0.527544408738466,0.4136980300220713,0.4696699141100894,0.7642977396044841,0.6645898033750315,0.454455274410019,0.6645898033750315,1.0,1.0,0.3876275643042054,1.0,1.0,0.42264973081037416,1.0,0.6666666666666667,0.7995540685656817,0.8180982812227503,0.4723551469889137,0.3675444679663241,1.0,0.9410744349011211,1.0,1.0,1.0,0.8492443277111181,0.9278312163512967,0.527544408738466,0.33856217223385243,0.28848752646211473,0.8979379273840342,0.841886116991581,0.5,0.8232233047033631,0.5477329831333546,0.8063508326896291,0.4466014094705336,1.0,1.0,0.6875,0.75,0.39866220569704514,0.35181878391233135,0.3812815664617709,0.7995540685656817,1.0,1.0,0.4696699141100894,0.5285954792089682,1.0,1.0,0.9116116523516815,1.0,1.0,1.0,0.8663693790437879,0.5580582617584078,0.8556624327025936,1.0,0.7919874264155391,1.0,1.0,1.0,1.0,0.5917517095361369,0.8110177634953863,0.6220355269907728,0.8613249509436927,1.0,0.8110177634953863,1.0,0.875,1.0,1.0,0.9166666666666666,0.5,1.0,0.875,1.0,0.6558763991941574,0.6712020253892854,0.9426460665323596,1.0,0.4107443490112104,0.6464466094067263
1.0,1.0,0.5555555555555556,1.0,0.8333333333333334,0.6666666666666667,0.75,0.0,1.0,0.7642977396044842,0.6666666666666667,0.5783629786442162,1.0,0.7891814893221081,1.0,1.0,0.5590414481559016,1.0,0.6220355269907728,1.0,1.0,1.0,0.850928801500014,1.0,0.5527864045000421,1.0,1.0,1.0,0.8075499102701247,1.0,1.0,1.0,0.6666666666666667,0.6436516774501009,0.5149287499273341,1.0,0.7891814893221081,0.8075499102701247,0.6857303194726456,1.0,1.0,0.925464400750007,0.8994962184740788,0.9037749551350623,1.0,0.8110177634953863,1.0,0.7278344730240913,0.7891814893221081,1.0,0.7642977396044842,1.0,0.6557348136704519,0.7891814893221081,0.6666666666666667,0.683772233983162,0.6666666666666667,1.0,1.0,1.0,1.0,0.6436516774501009,1.0,1.0,0.7642977396044842,1.0,1.0,1.0,0.7642977396044842,1.0,1.0,1.0,0.6436516774501009,1.0,0.8075499102701247,1.0,0.5377498364789757,1.0,1.0,1.0,1.0,1.0,1.0,1.0,0.7226499018873854,1.0,0.6220355269907728,1.0,0.8333333333333334,1.0,1.0,0.8888888888888888,1.0,1.0,1.0,1.0,1.0,1.0,0.8470561774196255,1.0,1.0,1.0
0.9358499700900416,0.9479420793704646,1.0,1.0,1.0,1.0,1.0,1.0,0.0,0.29289321881345254,1.0,0.5783629786442162,1.0,1.0,1.0,0.8888888888888888,1.0,1.0,1.0,0.9289330945481299,0.9410744349011211,0.4500280590771297,1.0,1.0,0.7018576030000281,1.0,1.0,1.0,1.0,1.0,1.0,1.0,0.7777777777777778,1.0,1.0,1.0,1.0,1.0,1.0,0.5285954792089684,0.6150998205402495,0.850928801500014,1.0,1.0,0.8740118423302576,1.0,1.0,1.0,0.5783629786442162,0.9166666666666666,0.882148869802242,1.0,0.6557348136704519,1.0,1.0,1.0,0.5833333333333333,1.0,0.9109129193625252,0.9214325798681614,1.0,0.3763904355376765,1.0,1.0,1.0,1.0,1.0,1.0,1.0,1.0,0.8639172365120457,1.0,1.0,0.9410744349011211,1.0,1.0,1.0,1.0,1.0,1.0,1.0,1.0,0.8740118423302576,1.0,1.0,1.0,1.0,1.0,1.0,1.0,1.0,1.0,0.8888888888888888,1.0,0.9166666666666666,1.0,1.0,0.8356010126946427,1.0,1.0,1.0,0.882148869802242
1.0,1.0,0.7642977396044842,1.0,1.0,0.882148869802242,0.8232233047033631,0.7642977396044842,0.29289321881345254,0.0,0.6464466094067263,0.3291796067500631,1.0,0.7763932022500211,1.0,1.0,0.8663693790437879,1.0,0.7327387580875757,1.0,1.0,0.5,1.0,1.0,0.3675444679663241,1.0,1.0,1.0,1.0,1.0,1.0,1.0,0.5285954792089684,0.8110177634953863,0.8285014148574912,1.0,0.8881966011250105,1.0,1.0,1.0,0.5917517095361371,0.841886116991581,1.0,0.8979379273840342,1.0,0.8663693790437879,1.0,1.0,0.3291796067500631,1.0,0.875,1.0,0.4522774424948339,0.8881966011250105,1.0,1.0,0.3812815664617709,1.0,1.0,1.0,1.0,0.2440710539815456,1.0,1.0,0.875,1.0,1.0,1.0,1.0,1.0,1.0,1.0,1.0,1.0,1.0,1.0,0.901941932430908,1.0,1.0,1.0,1.0,1.0,1.0,1.0,0.901941932430908,1.0,0.8663693790437879,1.0,0.8232233047033631,1.0,1.0,0.882148869802242,1.0,1.0,1.0,1.0,1.0,1.0,1.0,1.0,1.0,1.0
1.0,1.0,0.6666666666666667,1.0,1.0,1.0,0.75,0.6666666666666667,1.0,0.6464466094067263,0.0,0.683772233983162,1.0,0.683772233983162,1.0,1.0,0.8110177634953863,1.0,0.6220355269907728,1.0,1.0,1.0,1.0,1.0,0.5527864045000421,1.0,1.0,1.0,1.0,1.0,1.0,1.0,0.6666666666666667,0.7327387580875756,0.757464374963667,1.0,1.0,1.0,1.0,1.0,1.0,1.0,1.0,0.7113248654051871,1.0,0.8110177634953863,1.0,1.0,0.683772233983162,1.0,1.0,1.0,0.7418011102528389,1.0,1.0,1.0,0.75,1.0,1.0,1.0,1.0,0.7327387580875756,1.0,1.0,1.0,1.0,1.0,1.0,1.0,1.0,1.0,1.0,1.0,1.0,1.0,1.0,1.0,1.0,1.0,1.0,1.0,1.0,1.0,1.0,1.0,1.0,1.0,1.0,0.5,1.0,1.0,1.0,1.0,1.0,1.0,1.0,1.0,1.0,1.0,1.0,1.0,1.0
1.0,1.0,0.5783629786442162,1.0,0.841886116991581,0.683772233983162,0.7628291754873715,0.5783629786442162,0.5783629786442162,0.3291796067500631,0.683772233983162,0.0,1.0,0.8,1.0,1.0,0.5816699867329622,1.0,0.641431417199682,1.0,1.0,0.7018576030000281,0.8585786437626906,1.0,0.29289321881345254,1.0,1.0,1.0,1.0,1.0,1.0,1.0,0.4729537233052701,0.6619382981085934,0.5398210066915778,1.0,0.8,1.0,0.7018576030000281,1.0,0.6348516283298893,0.9292893218813453,1.0,0.9087129070824723,1.0,0.820715708599841,1.0,0.7418011102528388,0.6000000000000001,1.0,0.7763932022500211,1.0,0.5101020514433645,0.8,0.7628291754873715,0.7000000000000001,0.5256583509747431,1.0,1.0,1.0,1.0,0.3238765962171868,1.0,1.0,0.7763932022500211,1.0,1.0,1.0,0.7763932022500211,1.0,1.0,1.0,0.49290744716289003,1.0,0.8174258141649446,1.0,0.5614709903464854,1.0,1.0,1.0,1.0,1.0,1.0,1.0,0.7368825942078912,1.0,0.641431417199682,1.0,0.841886116991581,1.0,1.0,0.894590744661054,1.0,1.0,1.0,1.0,1.0,1.0,0.8549047499779977,1.0,1.0,1.0
1.0,1.0,1.0,1.0,1.0,1.0,1.0,1.0,1.0,1.0,1.0,1.0,0.0,1.0,1.0,1.0,1.0,1.0,1.0,1.0,1.0,1.0,1.0,1.0,1.0,1.0,1.0,1.0,1.0,1.0,1.0,1.0,1.0,1.0,1.0,1.0,1.0,1.0,1.0,1.0,1.0,1.0,1.0,1.0,1.0,1.0,1.0,1.0,1.0,1.0,1.0,1.0,1.0,1.0,1.0,1.0,1.0,1.0,1.0,1.0,1.0,1.0,1.0,1.0,1.0,1.0,1.0,1.0,1.0,1.0,1.0,1.0,1.0,1.0,1.0,1.0,1.0,1.0,1.0,1.0,1.0,1.0,1.0,1.0,1.0,1.0,1.0,1.0,1.0,1.0,1.0,1.0,1.0,1.0,1.0,1.0,1.0,1.0,1.0,1.0,1.0,1.0
0.5131355044398525,0.4073622420102462,0.3675444679663241,0.6348516283298893,1.0,0.3675444679663241,0.4466014094705336,0.7891814893221081,1.0,0.7763932022500211,0.683772233983162,0.8,1.0,0.0,1.0,0.4729537233052701,0.8804771390665607,1.0,0.5219085562662426,0.39322012378308224,0.3291796067500631,0.7018576030000281,0.5757359312880715,0.30993444065764575,0.7171572875253811,1.0,1.0,0.4836022205056777,1.0,1.0,0.4522774424948339,1.0,0.5783629786442162,0.8309691490542968,0.8466070022305259,0.5232687053772038,0.5000000000000001,1.0,0.925464400750007,1.0,1.0,1.0,0.8093074821508816,0.9087129070824723,0.641431417199682,0.34262426486608355,0.5000000000000001,0.8709005551264194,0.8,0.683772233983162,0.7763932022500211,0.42792244645264466,0.8367006838144548,0.40000000000000013,1.0,1.0,0.683772233983162,0.683772233983162,0.4083920216900384,0.47825080525004904,0.44098300562505255,0.8309691490542968,1.0,1.0,0.8881966011250105,0.7018576030000281,1.0,1.0,1.0,1.0,1.0,1.0,1.0,1.0,1.0,1.0,0.9122941980692971,1.0,1.0,1.0,1.0,1.0,0.7609542781331213,1.0,0.9122941980692971,1.0,0.8804771390665607,1.0,0.841886116991581,1.0,1.0,0.894590744661054,0.5783629786442162,1.0,0.841886116991581,1.0,1.0,0.7920499020359855,1.0,1.0,0.850928801500014,1.0
1.0,1.0,1.0,1.0,1.0,1.0,1.0,1.0,1.0,1.0,1.0,1.0,1.0,1.0,0.0,1.0,1.0,1.0,1.0,1.0,1.0,1.0,1.0,1.0,1.0,1.0,1.0,1.0,1.0,1.0,1.0,1.0,1.0,1.0,1.0,1.0,1.0,1.0,1.0,1.0,1.0,1.0,1.0,1.0,1.0,1.0,1.0,1.0,1.0,1.0,1.0,1.0,1.0,1.0,1.0,1.0,1.0,1.0,1.0,1.0,1.0,1.0,1.0,1.0,1.0,1.0,1.0,1.0,1.0,1.0,1.0,1.0,1.0,1.0,1.0,1.0,1.0,1.0,1.0,1.0,1.0,1.0,1.0,1.0,1.0,1.0,1.0,1.0,1.0,1.0,1.0,1.0,1.0,1.0,1.0,1.0,1.0,1.0,1.0,1.0,1.0,1.0
0.2943496709904574,0.2191311905569696,0.5555555555555556,0.6150998205402495,1.0,0.4444444444444444,0.41666666666666663,1.0,0.8888888888888888,1.0,1.0,1.0,1.0,0.4729537233052701,1.0,0.0,1.0,1.0,0.7480236846605153,0.07613022912568812,0.11611652351681567,0.37146063894529113,0.5527864045000421,0.27260703254669205,1.0,1.0,1.0,0.3195861825602282,1.0,1.0,0.3264246859454366,1.0,0.7777777777777778,1.0,1.0,0.19596974779263032,0.3675444679663241,1.0,0.9214325798681614,0.7642977396044842,1.0,1.0,0.7989924369481576,0.8075499102701247,0.11808289631180313,0.2440710539815456,0.26213521262737816,0.8639172365120457,1.0,0.16666666666666663,0.7642977396044842,0.39697731084447274,1.0,0.4729537233052701,1.0,1.0,0.8333333333333334,0.6666666666666667,0.02004211298777725,0.057190958417936644,0.1750420886156947,1.0,1.0,1.0,0.7642977396044842,0.5285954792089683,1.0,1.0,1.0,1.0,1.0,1.0,1.0,0.6464466094067263,1.0,1.0,1.0,1.0,1.0,1.0,1.0,0.7278344730240913,0.6220355269907728,0.7480236846605153,1.0,1.0,1.0,1.0,1.0,1.0,1.0,1.0,0.33333333333333337,1.0,0.75,1.0,0.7705842661294383,0.452003375648809,1.0,1.0,0.5285954792089683,0.5285954792089684
1.0,1.0,0.5590414481559016,1.0,0.43305329048615915,0.6220355269907728,0.8582633226215398,0.5590414481559016,1.0,0.8663693790437879,0.8110177634953863,0.5816699867329622,1.0,0.8804771390665607,1.0,1.0,0.0,1.0,0.5714285714285715,1.0,1.0,1.0,0.6619382981085935,1.0,0.746453723581445,1.0,1.0,1.0,1.0,1.0,1.0,1.0,0.6220355269907728,0.4444161004962841,0.12913642782319934,1.0,0.7609542781331213,1.0,0.28730335490020165,1.0,1.0,0.5351651598993159,1.0,0.7272276372050095,1.0,0.8214285714285714,1.0,0.38278660015163235,0.8804771390665607,1.0,0.4654775161751513,1.0,0.4632549598783068,0.8804771390665607,0.3858077313600058,0.2828628343993639,0.6692810861169263,1.0,1.0,1.0,1.0,0.6464466094067263,1.0,1.0,0.8663693790437879,1.0,1.0,1.0,0.5322928266532574,1.0,1.0,1.0,0.3939084732686735,1.0,0.8908910548820038,0.7817821097640076,0.31861485613075313,1.0,1.0,1.0,1.0,1.0,1.0,1.0,0.5806860653112327,1.0,0.4285714285714286,1.0,0.9055088817476932,0.8309691490542968,1.0,0.685029605825644,0.8740118423302576,1.0,1.0,1.0,0.8265780060951761,1.0,0.4363785198093221,1.0,1.0,1.0
0.8075499102701247,0.8438262381113939,1.0,1.0,1.0,0.6666666666666667,1.0,1.0,1.0,1.0,1.0,1.0,1.0,1.0,1.0,1.0,1.0,0.0,1.0,1.0,1.0,1.0,1.0,1.0,1.0,1.0,1.0,0.5917517095361369,1.0,1.0,1.0,1.0,1.0,1.0,1.0,1.0,0.683772233983162,1.0,1.0,1.0,1.0,1.0,1.0,1.0,1.0,1.0,1.0,1.0,1.0,1.0,1.0,1.0,1.0,0.683772233983162,1.0,1.0,1.0,1.0,1.0,1.0,0.6464466094067263,1.0,1.0,1.0,1.0,1.0,1.0,1.0,1.0,1.0,1.0,0.5527864045000421,1.0,1.0,1.0,1.0,1.0,1.0,1.0,1.0,1.0,1.0,1.0,1.0,1.0,1.0,1.0,1.0,1.0,1.0,1.0,1.0,1.0,1.0,1.0,1.0,1.0,1.0,1.0,1.0,1.0,1.0
0.7090428130186768,0.7048593319495224,0.37005921165128797,0.7817821097640076,0.8110177634953863,0.49604736932103044,0.527544408738466,0.6220355269907728,1.0,0.7327387580875757,0.6220355269907728,0.641431417199682,1.0,0.5219085562662426,1.0,0.7480236846605153,0.5714285714285715,1.0,0.0,0.6776708143898479,0.6659234476094695,0.9109129193625252,0.8309691490542968,0.670085560463071,0.49290744716289014,1.0,1.0,0.6913933000758161,1.0,1.0,0.6726731646460113,1.0,0.6220355269907728,0.4949237277238946,0.5416507514858944,0.772078847080724,0.4023856953328032,1.0,1.0,1.0,1.0,0.6619382981085935,1.0,0.6726731646460113,0.8571428571428572,0.4285714285714286,0.7609542781331213,1.0,0.7609542781331213,0.8110177634953863,0.8663693790437879,0.6581182706210862,0.5120499635257334,0.5219085562662426,0.9055088817476932,1.0,0.7165266452430796,0.8110177634953863,0.6969542366343368,0.7327387580875756,0.7327387580875757,0.6969542366343368,1.0,1.0,0.7327387580875757,0.8218258387250504,1.0,1.0,0.7327387580875757,1.0,1.0,1.0,0.6969542366343368,1.0,0.7817821097640076,0.7817821097640076,0.4758575816390408,1.0,1.0,1.0,1.0,1.0,0.8571428571428572,1.0,0.6855145489834245,1.0,0.5714285714285715,1.0,0.8110177634953863,0.8309691490542968,1.0,0.6220355269907728,0.6220355269907728,1.0,0.9055088817476932,1.0,0.8265780060951761,0.87572604679976,0.5664450152379401,1.0,0.9109129193625252,1.0
0.2204205571308927,0.1675910522349664,0.4314647563850388,0.5076340360826691,1.0,0.3603978509331687,0.4136980300220713,1.0,0.9289330945481299,1.0,1.0,1.0,1.0,0.39322012378308224,1.0,0.07613022912568812,1.0,1.0,0.6776708143898479,0.0,0.05777704819448881,0.49748109237039395,0.5232687053772039,0.16256421064137627,1.0,1.0,1.0,0.2166505481993597,1.0,1.0,0.1999053086343373,1.0,0.7157323781925193,1.0,1.0,0.22861078416013003,0.32580013753675796,1.0,0.9497481092370395,0.8492443277111182,1.0,1.0,0.871435130693355,0.8769085090206673,0.27475933237715777,0.19417703597461977,0.2583801512904338,0.9129611720221511,1.0,0.25379749275536356,0.6984886554222365,0.22861078416013003,1.0,0.39322012378308224,1.0,1.0,0.8933996418221948,0.5735985672887791,0.031335100093077495,0.09546596626670911,0.17084380241115016,1.0,1.0,1.0,0.8492443277111182,0.49748109237039395,1.0,1.0,1.0,1.0,1.0,1.0,1.0,0.7738664915666773,1.0,1.0,1.0,1.0,1.0,1.0,1.0,0.8259223440443022,0.5970885179873099,0.838835407194924,1.0,1.0,1.0,1.0,1.0,1.0,1.0,1.0,0.28933094548129856,1.0,0.733499104555487,1.0,0.8532652035866445,0.5093002539370528,1.0,1.0,0.5979848738963152,0.6984886554222365
0.21752410994426263,0.171763554438651,0.4107443490112105,0.4896896369201713,1.0,0.29289321881345254,0.4696699141100894,1.0,0.9410744349011211,1.0,1.0,1.0,1.0,0.3291796067500631,1.0,0.11611652351681567,1.0,1.0,0.6659234476094695,0.05777704819448881,0.0,0.45833333333333337,0.4466014094705336,0.07417990022744858,1.0,1.0,1.0,0.2783121635129677,1.0,1.0,0.23453445538025697,1.0,0.7053721745056052,1.0,1.0,0.25379749275536356,0.38508130618755787,1.0,0.9166666666666666,0.875,1.0,1.0,0.7867992836443896,0.8979379273840342,0.33184689521893906,0.19821627426272692,0.3291796067500631,0.8556624327025936,1.0,0.3812815664617709,0.6875,0.20049731366646095,1.0,0.3291796067500631,1.0,1.0,0.8232233047033631,0.5580582617584078,0.05508881747693195,0.16666666666666663,0.18750000000000022,1.0,1.0,1.0,1.0,0.5833333333333333,1.0,1.0,1.0,1.0,1.0,1.0,1.0,0.96875,1.0,1.0,1.0,1.0,1.0,1.0,1.0,1.0,0.5991081371313635,1.0,1.0,1.0,1.0,1.0,1.0,1.0,1.0,1.0,0.35181878391233157,1.0,0.7348349570550448,1.0,1.0,0.5931332643966325,1.0,1.0,0.7916666666666666,0.875
0.5463907883734855,0.5950844043922293,0.8428651597363228,0.8639172365120457,1.0,0.6857303194726456,0.7642977396044841,1.0,0.4500280590771297,0.5,1.0,0.7018576030000281,1.0,0.7018576030000281,1.0,0.37146063894529113,1.0,1.0,0.9109129193625252,0.49748109237039395,0.45833333333333337,0.0,0.683772233983162,0.5885244001010882,0.7891814893221081,1.0,1.0,0.8075499102701247,1.0,1.0,0.7958758547680684,1.0,0.7642977396044841,1.0,1.0,0.4314647563850388,0.7018576030000281,1.0,0.8888888888888888,0.8333333333333334,0.7278344730240913,0.894590744661054,0.7157323781925193,0.8639172365120457,0.3763904355376765,0.554564596812626,0.7018576030000281,0.8075499102701247,0.7018576030000281,0.5285954792089682,0.8333333333333334,0.7867992836443896,0.7565677522199261,0.7018576030000281,0.882148869802242,1.0,0.4696699141100893,0.882148869802242,0.43305329048615915,0.4999999999999999,0.5,0.6220355269907727,1.0,1.0,1.0,0.8888888888888888,1.0,1.0,1.0,1.0,1.0,1.0,1.0,0.9166666666666666,1.0,1.0,1.0,1.0,1.0,1.0,1.0,1.0,0.7327387580875756,1.0,1.0,1.0,1.0,1.0,1.0,1.0,1.0,1.0,0.6857303194726456,1.0,0.8232233047033631,1.0,1.0,0.6900062966831486,1.0,1.0,0.9444444444444444,0.75
0.6557348136704519,0.5110987929612953,0.5527864045000421,0.7418011102528389,0.7763932022500211,0.40371520600005606,0.6645898033750315,0.850928801500014,1.0,1.0,1.0,0.8585786437626906,1.0,0.5757359312880715,1.0,0.5527864045000421,0.6619382981085935,1.0,0.8309691490542968,0.5232687053772039,0.4466014094705336,0.683772233983162,0.0,0.41445995623088006,1.0,1.0,1.0,0.6348516283298893,1.0,1.0,0.6127016653792583,1.0,0.7018576030000281,0.8804771390665607,0.6746043132720158,0.5954800825220548,0.7171572875253811,1.0,0.4729537233052701,1.0,1.0,0.9,0.7303200550147031,1.0,0.6619382981085935,0.5774228726357418,0.5757359312880715,0.4522774424948339,1.0,0.7763932022500211,0.5256583509747431,0.5954800825220548,0.8845299461620748,0.5757359312880715,0.6645898033750315,0.5757359312880715,0.6645898033750315,0.7763932022500211,0.5219085562662426,0.5783629786442162,0.5256583509747431,0.8804771390665607,1.0,1.0,1.0,0.7891814893221081,1.0,1.0,0.841886116991581,1.0,1.0,1.0,0.7609542781331213,1.0,1.0,1.0,0.7519305308215831,1.0,1.0,1.0,1.0,1.0,0.8309691490542968,1.0,0.8759652654107916,1.0,0.8309691490542968,1.0,1.0,1.0,1.0,1.0,0.7018576030000281,1.0,0.8881966011250105,1.0,1.0,0.8529570755812385,0.8974021647914846,1.0,0.894590744661054,1.0
0.3280631590947072,0.18208218809080357,0.41808562603735366,0.37005921165128797,1.0,0.27260703254669205,0.454455274410019,1.0,1.0,1.0,1.0,1.0,1.0,0.30993444065764575,1.0,0.27260703254669205,1.0,1.0,0.670085560463071,0.16256421064137627,0.07417990022744858,0.5885244001010882,0.41445995623088006,0.0,1.0,1.0,1.0,0.28730335490020154,1.0,1.0,0.1810769751466743,1.0,0.7090428130186768,1.0,1.0,0.342048305040231,0.4479475525261166,1.0,0.8971311000252721,1.0,1.0,1.0,0.7368193220160923,1.0,0.5051283406946065,0.2576925110419097,0.2409278847234103,0.8218258387250503,1.0,0.5635642195280153,0.6142416250947702,0.1446627965523002,1.0,0.30993444065764575,1.0,1.0,0.7817821097640076,0.454455274410019,0.18350341907227385,0.2799177001769043,0.22848325018954052,1.0,1.0,1.0,1.0,0.5885244001010882,1.0,1.0,1.0,1.0,1.0,1.0,1.0,1.0,1.0,1.0,1.0,1.0,1.0,1.0,1.0,1.0,0.670085560463071,1.0,1.0,1.0,1.0,1.0,1.0,1.0,1.0,1.0,0.41808562603735366,1.0,0.7817821097640076,1.0,1.0,0.7130015986663298,1.0,1.0,0.7942622000505442,1.0
1.0,1.0,0.5527864045000421,1.0,1.0,0.7018576030000281,0.6645898033750315,0.5527864045000421,0.7018576030000281,0.3675444679663241,0.5527864045000421,0.29289321881345254,1.0,0.7171572875253811,1.0,1.0,0.746453723581445,1.0,0.49290744716289014,1.0,1.0,0.7891814893221081,1.0,1.0,0.0,1.0,1.0,1.0,1.0,1.0,0.8709005551264195,1.0,0.5527864045000421,0.641431417199682,0.6746043132720158,1.0,0.7171572875253811,1.0,1.0,1.0,0.7418011102528389,1.0,1.0,0.8709005551264195,1.0,0.746453723581445,1.0,1.0,0.5757359312880715,0.8881966011250105,1.0,1.0,0.5381197846482995,0.7171572875253811,1.0,1.0,0.5527864045000421,1.0,1.0,1.0,1.0,0.4023856953328032,1.0,1.0,0.683772233983162,1.0,1.0,1.0,0.841886116991581,1.0,1.0,1.0,0.7609542781331213,1.0,0.7418011102528389,1.0,0.6278957962323746,1.0,1.0,1.0,1.0,1.0,1.0,1.0,0.7519305308215831,1.0,0.6619382981085935,1.0,0.7763932022500211,1.0,1.0,0.850928801500014,1.0,1.0,1.0,1.0,1.0,1.0,0.8974021647914846,1.0,1.0,1.0
1.0,1.0,1.0,1.0,1.0,1.0,1.0,1.0,1.0,1.0,1.0,1.0,1.0,1.0,1.0,1.0,1.0,1.0,1.0,1.0,1.0,1.0,1.0,1.0,1.0,0.0,1.0,1.0,1.0,1.0,1.0,1.0,1.0,1.0,1.0,1.0,1.0,1.0,1.0,1.0,1.0,1.0,1.0,1.0,1.0,1.0,1.0,1.0,1.0,1.0,1.0,1.0,1.0,1.0,1.0,1.0,1.0,1.0,1.0,1.0,1.0,1.0,1.0,1.0,1.0,1.0,1.0,1.0,1.0,1.0,1.0,1.0,1.0,1.0,1.0,1.0,1.0,1.0,1.0,1.0,1.0,1.0,1.0,1.0,1.0,1.0,1.0,1.0,1.0,1.0,1.0,1.0,1.0,1.0,1.0,1.0,1.0,1.0,1.0,1.0,1.0,1.0
1.0,1.0,1.0,1.0,1.0,1.0,1.0,1.0,1.0,1.0,1.0,1.0,1.0,1.0,1.0,1.0,1.0,1.0,1.0,1.0,1.0,1.0,1.0,1.0,1.0,1.0,0.0,1.0,1.0,1.0,1.0,1.0,1.0,1.0,1.0,1.0,1.0,1.0,1.0,1.0,1.0,1.0,1.0,1.0,1.0,1.0,1.0,1.0,1.0,1.0,1.0,1.0,1.0,1.0,1.0,1.0,1.0,1.0,1.0,1.0,1.0,1.0,1.0,1.0,1.0,1.0,1.0,1.0,1.0,1.0,1.0,1.0,1.0,1.0,1.0,1.0,1.0,1.0,1.0,1.0,1.0,1.0,1.0,1.0,1.0,1.0,1.0,1.0,1.0,1.0,1.0,1.0,1.0,1.0,1.0,1.0,1.0,1.0,1.0,1.0,1.0,1.0
0.2928932188134524,0.17115027301766017,0.45566894604818264,0.5285954792089682,1.0,0.3195861825602282,0.3876275643042054,1.0,1.0,1.0,1.0,1.0,1.0,0.4836022205056777,1.0,0.3195861825602282,1.0,0.5917517095361369,0.6913933000758161,0.2166505481993597,0.2783121635129677,0.8075499102701247,0.6348516283298893,0.28730335490020154,1.0,1.0,1.0,0.0,1.0,1.0,0.17504208861569448,1.0,0.7278344730240913,1.0,1.0,0.3845425451033362,0.2254033307585166,1.0,1.0,1.0,1.0,1.0,1.0,1.0,0.5370899501137243,0.30563492517058644,0.2254033307585166,1.0,1.0,0.3876275643042054,0.7113248654051871,0.2614510541240035,1.0,0.3545027756320971,1.0,1.0,1.0,0.5917517095361369,0.23623738417402662,0.23019964108049884,0.1339745962155613,1.0,1.0,1.0,0.7113248654051871,0.42264973081037416,1.0,1.0,1.0,1.0,1.0,0.8174258141649446,1.0,0.6391560817564839,1.0,1.0,1.0,1.0,1.0,1.0,1.0,0.6666666666666666,0.6913933000758161,0.6913933000758161,1.0,1.0,1.0,1.0,1.0,1.0,1.0,1.0,0.3195861825602282,1.0,0.7958758547680684,1.0,0.7190242565254918,0.5973063668715853,1.0,1.0,0.42264973081037416,0.7113248654051871
1.0,1.0,1.0,1.0,1.0,1.0,1.0,0.8075499102701247,1.0,1.0,1.0,1.0,1.0,1.0,1.0,1.0,1.0,1.0,1.0,1.0,1.0,1.0,1.0,1.0,1.0,1.0,1.0,1.0,0.0,1.0,1.0,1.0,1.0,1.0,1.0,1.0,1.0,0.33333333333333326,1.0,1.0,1.0,1.0,0.4777670321329065,1.0,1.0,1.0,1.0,1.0,1.0,1.0,1.0,1.0,1.0,1.0,0.8556624327025936,1.0,1.0,1.0,1.0,1.0,1.0,1.0,1.0,1.0,1.0,1.0,1.0,1.0,1.0,1.0,1.0,1.0,1.0,1.0,1.0,1.0,1.0,1.0,1.0,1.0,1.0,1.0,1.0,1.0,1.0,1.0,1.0,1.0,1.0,1.0,1.0,1.0,1.0,1.0,1.0,1.0,1.0,1.0,1.0,1.0,1.0,1.0
1.0,1.0,1.0,1.0,1.0,1.0,1.0,1.0,1.0,1.0,1.0,1.0,1.0,1.0,1.0,1.0,1.0,1.0,1.0,1.0,1.0,1.0,1.0,1.0,1.0,1.0,1.0,1.0,1.0,0.0,1.0,1.0,1.0,1.0,1.0,1.0,1.0,1.0,1.0,1.0,1.0,1.0,1.0,1.0,1.0,1.0,1.0,1.0,1.0,1.0,1.0,1.0,1.0,1.0,1.0,1.0,1.0,1.0,1.0,1.0,1.0,1.0,1.0,1.0,1.0,1.0,1.0,1.0,1.0,1.0,1.0,1.0,1.0,1.0,1.0,1.0,1.0,1.0,1.0,1.0,1.0,1.0,1.0,1.0,1.0,1.0,1.0,1.0,1.0,1.0,1.0,1.0,1.0,1.0,1.0,1.0,1.0,1.0,1.0,1.0,1.0,1.0
0.33333333333333337,0.23358081053268243,0.42264973081037427,0.33333333333333326,1.0,0.42264973081037427,0.42264973081037416,1.0,1.0,1.0,1.0,1.0,1.0,0.4522774424948339,1.0,0.3264246859454366,1.0,1.0,0.6726731646460113,0.1999053086343373,0.23453445538025697,0.7958758547680684,0.6127016653792583,0.1810769751466743,0.8709005551264195,1.0,1.0,0.17504208861569448,1.0,1.0,0.0,1.0,0.7113248654051871,1.0,1.0,0.3907282041550576,0.36099034957730625,1.0,1.0,1.0,1.0,1.0,1.0,1.0,0.5635642195280153,0.29079185673302477,0.1784161637422509,1.0,1.0,0.350480947161671,0.5917517095361371,0.1296117202215108,1.0,0.4522774424948339,1.0,1.0,1.0,0.42264973081037416,0.2284832501895404,0.2515448008162511,0.28556549168823975,1.0,1.0,1.0,0.7958758547680685,0.45566894604818264,1.0,1.0,1.0,1.0,1.0,1.0,1.0,0.7448448184600857,1.0,1.0,1.0,1.0,1.0,1.0,1.0,0.7642977396044841,0.6726731646460113,0.7817821097640076,1.0,1.0,1.0,1.0,1.0,1.0,1.0,1.0,0.3264246859454366,1.0,0.7834936490538903,1.0,0.8013201464402434,0.6203368016990004,1.0,1.0,0.5237103277921598,0.7958758547680685
1.0,1.0,1.0,1.0,1.0,1.0,1.0,1.0,1.0,1.0,1.0,1.0,1.0,1.0,1.0,1.0,1.0,1.0,1.0,1.0,1.0,1.0,1.0,1.0,1.0,1.0,1.0,1.0,1.0,1.0,1.0,0.0,1.0,1.0,1.0,1.0,1.0,1.0,1.0,1.0,1.0,1.0,1.0,1.0,1.0,1.0,1.0,1.0,1.0,1.0,1.0,1.0,1.0,1.0,1.0,1.0,1.0,1.0,1.0,1.0,1.0,1.0,1.0,1.0,1.0,1.0,1.0,1.0,1.0,1.0,1.0,1.0,1.0,1.0,1.0,1.0,1.0,1.0,1.0,1.0,1.0,1.0,1.0,1.0,1.0,1.0,1.0,1.0,1.0,1.0,1.0,1.0,1.0,1.0,1.0,1.0,1.0,1.0,1.0,1.0,1.0,1.0
0.7433998803601664,0.7397103968523232,0.4444444444444444,0.8075499102701247,0.8333333333333334,0.5555555555555556,0.6666666666666667,0.6666666666666667,0.7777777777777778,0.5285954792089684,0.6666666666666667,0.4729537233052701,1.0,0.5783629786442162,1.0,0.7777777777777778,0.6220355269907728,1.0,0.6220355269907728,0.7157323781925193,0.7053721745056052,0.7642977396044841,0.7018576030000281,0.7090428130186768,0.5527864045000421,1.0,1.0,0.7278344730240913,1.0,1.0,0.7113248654051871,1.0,0.0,0.7327387580875756,0.5149287499273341,0.7989924369481576,0.683772233983162,1.0,0.6857303194726456,1.0,0.8075499102701247,0.925464400750007,1.0,0.9037749551350623,0.8740118423302576,0.6220355269907728,0.7891814893221081,0.7278344730240913,0.4729537233052701,0.8333333333333334,0.6464466094067263,0.5979848738963152,0.6557348136704519,0.683772233983162,0.75,0.683772233983162,0.6666666666666667,0.6666666666666667,0.7327387580875756,0.7642977396044841,0.7642977396044842,0.554564596812626,1.0,1.0,0.882148869802242,0.8428651597363228,1.0,1.0,0.882148869802242,1.0,1.0,1.0,0.8218258387250504,1.0,1.0,1.0,0.7226499018873854,1.0,1.0,1.0,1.0,1.0,0.8740118423302576,1.0,0.8150999345915902,1.0,0.7480236846605153,1.0,0.8333333333333334,1.0,1.0,0.8888888888888888,0.7777777777777778,1.0,0.9166666666666666,1.0,1.0,0.8904006751297618,0.9235280887098127,1.0,0.9214325798681614,1.0
1.0,1.0,0.6436516774501009,1.0,0.5991081371313633,0.7327387580875756,0.7995540685656817,0.6436516774501009,1.0,0.8110177634953863,0.7327387580875756,0.6619382981085934,1.0,0.8309691490542968,1.0,1.0,0.4444161004962841,1.0,0.4949237277238946,1.0,1.0,1.0,0.8804771390665607,1.0,0.641431417199682,1.0,1.0,1.0,1.0,1.0,1.0,1.0,0.7327387580875756,0.0,0.3517962764478356,1.0,0.6619382981085934,1.0,0.7480236846605152,1.0,1.0,0.5816699867329622,1.0,0.6142416250947702,1.0,0.7474618638619472,1.0,0.7817821097640076,0.8309691490542968,1.0,0.8110177634953863,1.0,0.4479475525261166,0.8309691490542968,0.7995540685656817,0.746453723581445,0.7327387580875756,1.0,1.0,1.0,1.0,0.7142857142857143,1.0,1.0,0.8110177634953863,1.0,1.0,1.0,0.6220355269907728,1.0,1.0,1.0,0.5714285714285714,1.0,0.8456966500379081,0.6913933000758161,0.4811254783372291,1.0,1.0,1.0,1.0,1.0,1.0,1.0,0.6293753416694494,1.0,0.4949237277238946,1.0,0.8663693790437879,0.7609542781331213,1.0,0.554564596812626,0.8218258387250504,1.0,1.0,1.0,0.7547442642060137,1.0,0.3868606605150343,1.0,1.0,1.0
1.0,1.0,0.5149287499273341,1.0,0.3936609374091675,0.5957739582727783,0.8180982812227503,0.5149287499273341,1.0,0.8285014148574912,0.757464374963667,0.5398210066915778,1.0,0.8466070022305259,1.0,1.0,0.12913642782319934,1.0,0.5416507514858944,1.0,1.0,1.0,0.6746043132720158,1.0,0.6746043132720158,1.0,1.0,1.0,1.0,1.0,1.0,1.0,0.5149287499273341,0.3517962764478356,0.0,1.0,0.6932140044610519,1.0,0.3140056594299646,1.0,1.0,0.5119064699080236,1.0,0.6499299789929975,1.0,0.7708253757429472,1.0,0.4059114742139954,0.8466070022305259,1.0,0.48550424457247354,0.9268727575872869,0.37377570891485057,0.8466070022305259,0.4542948436682508,0.30973151003736665,0.6361965624455006,0.8787321874818335,1.0,1.0,1.0,0.6110777658687013,1.0,1.0,0.8285014148574912,1.0,1.0,1.0,0.48550424457247354,1.0,1.0,1.0,0.3517962764478356,1.0,0.8599719915971991,0.719943983194398,0.2600599266040562,1.0,1.0,1.0,1.0,1.0,1.0,1.0,0.5291290442025812,1.0,0.35831105208025216,1.0,0.8787321874818335,0.7830695421813438,1.0,0.5957739582727783,0.8383095833091113,1.0,1.0,1.0,0.7774340463701371,1.0,0.3323021391104115,1.0,1.0,1.0
0.1876376055400768,0.24658942504318226,0.5979848738963152,0.6518446880886043,1.0,0.49748109237039395,0.4723551469889137,1.0,1.0,1.0,1.0,1.0,1.0,0.5232687053772038,1.0,0.19596974779263032,1.0,1.0,0.772078847080724,0.22861078416013003,0.25379749275536356,0.4314647563850388,0.5954800825220548,0.342048305040231,1.0,1.0,1.0,0.3845425451033362,1.0,1.0,0.3907282041550576,1.0,0.7989924369481576,1.0,1.0,0.0,0.3325761875280854,1.0,0.9289330945481299,1.0,1.0,1.0,0.8181818181818181,1.0,0.3162365412421724,0.2022759647825344,0.3325761875280854,0.8769085090206672,1.0,0.24622163855559098,0.7867992836443896,0.4545454545454546,1.0,0.5232687053772038,1.0,1.0,0.8492443277111181,0.6984886554222364,0.19417703597461977,0.21826404002942834,0.14719713457755834,1.0,1.0,1.0,0.7867992836443896,0.5735985672887791,1.0,1.0,1.0,1.0,1.0,1.0,1.0,0.6268987463776818,1.0,1.0,1.0,1.0,1.0,1.0,1.0,0.7538170180413345,0.5441576941614482,0.772078847080724,1.0,1.0,1.0,1.0,1.0,1.0,1.0,1.0,0.29647352931855153,1.0,0.6984886554222364,1.0,0.7924856608401776,0.5043184029033903,1.0,1.0,0.5735985672887791,0.5735985672887791
0.2697032566597787,0.30858928234528726,0.3675444679663241,0.6348516283298893,0.841886116991581,0.26213521262737816,0.3675444679663241,0.7891814893221081,1.0,0.8881966011250105,1.0,0.8,1.0,0.5000000000000001,1.0,0.3675444679663241,0.7609542781331213,0.683772233983162,0.4023856953328032,0.32580013753675796,0.38508130618755787,0.7018576030000281,0.7171572875253811,0.4479475525261166,0.7171572875253811,1.0,1.0,0.2254033307585166,1.0,1.0,0.36099034957730625,1.0,0.683772233983162,0.6619382981085934,0.6932140044610519,0.3325761875280854,0.0,1.0,1.0,1.0,1.0,0.7878679656440357,1.0,0.8174258141649446,0.5219085562662426,0.16333997346592444,0.40000000000000013,1.0,0.9,0.3675444679663241,0.7763932022500211,0.42792244645264466,0.6734013676289097,0.30000000000000016,1.0,1.0,0.841886116991581,0.683772233983162,0.3238765962171868,0.3291796067500631,0.2173762078750736,0.8309691490542968,1.0,1.0,0.5527864045000421,0.552786404500042,1.0,1.0,0.7763932022500211,1.0,1.0,0.8585786437626906,0.746453723581445,0.6645898033750315,0.8174258141649446,0.8174258141649446,0.6491767922771883,1.0,1.0,1.0,1.0,0.7418011102528388,0.641431417199682,0.7609542781331213,0.7368825942078912,1.0,0.641431417199682,1.0,1.0,0.8585786437626906,1.0,0.683772233983162,0.26213521262737816,1.0,0.7628291754873715,1.0,0.6372618749449942,0.5840998040719709,0.6372618749449942,1.0,0.552786404500042,0.6645898033750315
1.0,1.0,1.0,1.0,1.0,1.0,1.0,0.8075499102701247,1.0,1.0,1.0,1.0,1.0,1.0,1.0,1.0,1.0,1.0,1.0,1.0,1.0,1.0,1.0,1.0,1.0,1.0,1.0,1.0,0.33333333333333326,1.0,1.0,1.0,1.0,1.0,1.0,1.0,1.0,0.0,1.0,1.0,1.0,1.0,0.3036893761772086,1.0,1.0,1.0,1.0,1.0,1.0,1.0,1.0,1.0,1.0,1.0,0.8556624327025936,1.0,1.0,1.0,1.0,1.0,1.0,1.0,1.0,1.0,1.0,1.0,1.0,1.0,1.0,1.0,1.0,1.0,1.0,1.0,1.0,1.0,1.0,1.0,1.0,1.0,1.0,1.0,1.0,1.0,1.0,1.0,1.0,1.0,1.0,1.0,1.0,1.0,1.0,1.0,1.0,1.0,1.0,1.0,1.0,1.0,1.0,1.0
1.0,0.926378982616769,0.6857303194726456,1.0,0.4107443490112104,0.6071628993408069,0.9410744349011211,0.6857303194726456,1.0,1.0,1.0,0.7018576030000281,1.0,0.925464400750007,1.0,0.9214325798681614,0.28730335490020165,1.0,1.0,0.9497481092370395,0.9166666666666666,0.8888888888888888,0.4729537233052701,0.8971311000252721,1.0,1.0,1.0,1.0,1.0,1.0,1.0,1.0,0.6857303194726456,0.7480236846605152,0.3140056594299646,0.9289330945481299,1.0,1.0,0.0,1.0,1.0,0.7891814893221081,0.8578661890962597,1.0,0.9109129193625252,0.9554564596812626,0.925464400750007,0.037749551350623634,1.0,1.0,0.33333333333333337,1.0,0.7565677522199261,0.925464400750007,0.2339676537145734,0.031037209750091055,0.6464466094067263,1.0,0.9370059211651288,0.9444444444444444,0.9166666666666666,0.7480236846605152,1.0,1.0,1.0,1.0,1.0,1.0,0.6666666666666667,1.0,1.0,1.0,0.49604736932103033,1.0,1.0,1.0,0.4770236396315092,1.0,1.0,1.0,1.0,1.0,1.0,1.0,0.7385118198157545,1.0,0.6436516774501009,1.0,1.0,1.0,1.0,1.0,1.0,1.0,1.0,1.0,1.0,1.0,0.7837047718256499,1.0,1.0,1.0
0.8639172365120457,0.8895684739251535,1.0,1.0,1.0,1.0,1.0,1.0,0.5285954792089684,1.0,1.0,1.0,1.0,1.0,1.0,0.7642977396044842,1.0,1.0,1.0,0.8492443277111182,0.875,0.8333333333333334,1.0,1.0,1.0,1.0,1.0,1.0,1.0,1.0,1.0,1.0,1.0,1.0,1.0,1.0,1.0,1.0,1.0,0.0,1.0,1.0,1.0,1.0,0.7327387580875757,1.0,1.0,1.0,1.0,0.8232233047033631,1.0,1.0,1.0,1.0,1.0,1.0,1.0,1.0,0.8110177634953863,0.8333333333333334,1.0,1.0,1.0,1.0,1.0,1.0,1.0,1.0,1.0,1.0,0.7113248654051871,1.0,1.0,0.875,1.0,1.0,1.0,1.0,1.0,1.0,1.0,1.0,0.7327387580875757,1.0,1.0,1.0,1.0,1.0,1.0,1.0,1.0,1.0,0.7642977396044842,1.0,0.8232233047033631,1.0,1.0,0.6512570837685421,1.0,1.0,1.0,0.75
1.0,1.0,1.0,1.0,1.0,1.0,1.0,1.0,0.6150998205402495,0.5917517095361371,1.0,0.6348516283298893,1.0,1.0,1.0,1.0,1.0,1.0,1.0,1.0,1.0,0.7278344730240913,1.0,1.0,0.7418011102528389,1.0,1.0,1.0,1.0,1.0,1.0,1.0,0.8075499102701247,1.0,1.0,1.0,1.0,1.0,1.0,1.0,0.0,1.0,1.0,1.0,1.0,1.0,1.0,1.0,0.8174258141649446,1.0,1.0,1.0,0.850928801500014,1.0,1.0,1.0,0.8556624327025936,1.0,1.0,1.0,1.0,0.6913933000758161,1.0,1.0,1.0,1.0,1.0,1.0,1.0,1.0,1.0,1.0,1.0,1.0,1.0,1.0,1.0,1.0,1.0,1.0,1.0,1.0,1.0,1.0,1.0,1.0,1.0,1.0,1.0,1.0,1.0,1.0,1.0,1.0,1.0,1.0,1.0,1.0,1.0,1.0,1.0,1.0
1.0,1.0,0.925464400750007,1.0,0.5527864045000421,0.925464400750007,1.0,0.925464400750007,0.850928801500014,0.841886116991581,1.0,0.9292893218813453,1.0,1.0,1.0,1.0,0.5351651598993159,1.0,0.6619382981085935,1.0,1.0,0.894590744661054,0.9,1.0,1.0,1.0,1.0,1.0,1.0,1.0,1.0,1.0,0.925464400750007,0.5816699867329622,0.5119064699080236,1.0,0.7878679656440357,1.0,0.7891814893221081,1.0,1.0,0.0,1.0,0.6127016653792583,1.0,0.8732268617907225,1.0,0.8174258141649446,0.8585786437626906,1.0,0.7628291754873715,1.0,0.48038475772933686,1.0,0.7763932022500211,0.7878679656440357,0.7763932022500211,1.0,1.0,1.0,1.0,0.820715708599841,0.7418011102528389,1.0,1.0,1.0,1.0,1.0,0.683772233983162,1.0,1.0,1.0,0.7011928476664016,1.0,1.0,0.6127016653792583,0.6899131635269788,1.0,1.0,1.0,1.0,1.0,1.0,1.0,0.7519305308215831,1.0,0.6619382981085935,1.0,1.0,0.7000000000000001,1.0,0.5527864045000421,0.7763932022500211,1.0,1.0,1.0,0.6922064943744538,1.0,0.33311407114464986,1.0,1.0,1.0
1.0,0.8116473562607955,1.0,1.0,1.0,0.7989924369481576,0.8492443277111181,0.8994962184740788,1.0,1.0,1.0,1.0,1.0,0.8093074821508816,1.0,0.7989924369481576,1.0,1.0,1.0,0.871435130693355,0.7867992836443896,0.7157323781925193,0.7303200550147031,0.7368193220160923,1.0,1.0,1.0,1.0,0.4777670321329065,1.0,1.0,1.0,1.0,1.0,1.0,0.8181818181818181,1.0,0.3036893761772086,0.8578661890962597,1.0,1.0,1.0,0.0,1.0,0.772078847080724,0.886039423540362,0.8093074821508816,0.7538170180413345,1.0,1.0,1.0,1.0,1.0,0.8093074821508816,0.9246221638555591,1.0,0.6984886554222364,1.0,0.838835407194924,0.8578661890962597,0.7867992836443896,1.0,1.0,1.0,1.0,1.0,1.0,1.0,1.0,1.0,1.0,1.0,1.0,1.0,1.0,1.0,1.0,1.0,1.0,1.0,1.0,1.0,1.0,1.0,1.0,1.0,1.0,1.0,1.0,1.0,1.0,1.0,1.0,1.0,1.0,1.0,1.0,1.0,1.0,1.0,1.0,1.0
