0.0,0.20903500353958415,0.055882409500088825,0.3114696273409038,0.6150998205402495,0.09260712843783947,0.33333333333333337,0.1998677358013613,0.1459831797062019,0.18350341907227408,1.0,0.1459831797062019,1.0,0.38762756430420553,1.0,0.2943496709904574,0.27422526139757686,0.8075499102701247,0.41808562603735366,0.2020750014249647,0.21752410994426263,0.13587358772464564,0.37146063894529113,0.3280631590947072,0.3114696273409038,1.0,0.8075499102701247,0.2928932188134524,0.3114696273409038,1.0,0.33333333333333337,1.0,0.13933703417612964,0.14230997212976404,0.2531839551850614,0.1876376055400768,0.11111111111111116,0.3114696273409038,0.33333333333333337,0.8639172365120457,0.5555555555555556,0.5979848738963152,0.3280631590947072,1.0,0.4500280590771297,0.08645312039580155,0.5131355044398525,0.37146063894529113,0.1459831797062019,0.3043344070000654,0.2531839551850614,0.3036893761772086,0.2592592592592593,0.16604961117054062,0.3036893761772086,0.2697032566597787,0.11546203732829696,0.37146063894529113,0.22848325018954052,0.2998599579859951,0.18350341907227408,0.14230997212976404,0.5555555555555556,0.3114696273409038,0.7278344730240913,0.5885244001010883,1.0,1.0,0.5237103277921599,1.0,1.0,0.9037749551350623,1.0,0.8639172365120457,1.0,1.0,0.19935923097456432,1.0,1.0,1.0,0.6150998205402495,1.0,0.41808562603735366,1.0,0.572991589853101,1.0,0.7090428130186768,1.0,1.0,1.0,1.0,0.9358499700900416,0.23019964108049895,1.0,0.5885244001010883,1.0,1.0,0.4621438024069172,0.6909424500181565,1.0,0.8185563153493942,0.7278344730240913
0.20903500353958415,0.0,0.23594255203958392,0.2647853779061923,0.5068030380839281,0.0880784948248935,0.14575780382275083,0.31649325739867995,0.22486672060115942,0.30251416753708427,1.0,0.22486672060115942,1.0,0.2443903481651747,1.0,0.17800506347321354,0.18626652879326488,0.8356010126946427,0.44076721059892,0.10312999583228089,0.12814270942135542,0.20277289626738504,0.19461273374317067,0.13900479599898974,0.48534976453433465,1.0,0.8356010126946427,0.12749712822176829,0.2647853779061923,1.0,0.19321570361037577,1.0,0.19126391569681156,0.17574061032190413,0.24242038831254498,0.20690944464542438,0.19321570361037577,0.2647853779061923,0.19321570361037577,0.8837523612561807,0.5254210021237504,0.45625438331946466,0.13900479599898974,0.8101684008495003,0.32884394478597556,0.15957968473727002,0.16819960814394175,0.19461273374317067,0.1336745700836488,0.3208378240351857,0.20254777717109995,0.2564776043550854,0.11411920396433417,0.17800506347321354,0.15734128493576338,0.22018713263494538,0.186266528793265,0.32884394478597556,0.12125044967250631,0.1228025548882099,0.07001889004944573,0.17574061032190413,0.43050520254850055,0.2647853779061923,0.6512570837685421,0.38487531477075443,1.0,1.0,0.5931332643966325,1.0,0.9264785377906193,0.9178005063473214,0.9480124755089964,0.6512570837685421,1.0,0.9050842004247501,0.36165494637742546,1.0,1.0,1.0,0.5068030380839281,0.7315375779143902,0.50290418719904,0.6893151169994,0.6352313979299573,0.7059141511624769,0.81358907019964,1.0,1.0,0.9264785377906193,1.0,0.8356010126946427,0.17800506347321354,1.0,0.5606252248362531,1.0,0.6914839734140226,0.40540540540540526,0.622842856797643,1.0,0.4962602321101164,0.6512570837685421
0.055882409500088825,0.23594255203958392,0.0,0.3071796769724492,0.6127016653792583,0.14066215115268055,0.3291796067500631,0.2192799416411736,0.06905066374873725,0.08712907082472332,1.0,0.06905066374873725,1.0,0.2697032566597787,1.0,0.2254033307585167,0.20884519471476004,1.0,0.3168699489360268,0.15484574527148343,0.178416163742251,0.11889609805568024,0.3675444679663241,0.3238765962171868,0.191709623134524,1.0,1.0,0.3675444679663241,0.3071796769724492,1.0,0.3291796067500631,1.0,0.07623956929659892,0.08901972717777007,0.18590842158930576,0.221501055838477,0.180108408250077,0.3071796769724492,0.3291796067500631,0.6348516283298893,0.552786404500042,0.5505334250245053,0.3238765962171868,1.0,0.3675444679663241,0.057190958417936644,0.5101020514433645,0.3675444679663241,0.06905066374873725,0.2666666666666667,0.24853085069782066,0.2993509502546293,0.20495360800007478,0.2254033307585167,0.2993509502546293,0.26515307716504666,0.08712907082472332,0.3675444679663241,0.17192132878917488,0.24853085069782066,0.2697032566597787,0.08901972717777007,0.552786404500042,0.3071796769724492,0.726138721247417,0.5859606643945874,1.0,1.0,0.5435645354123617,1.0,1.0,1.0,1.0,0.8630693606237085,1.0,1.0,0.21227363855662384,1.0,1.0,1.0,0.6127016653792583,1.0,0.41445995623088017,1.0,0.5703310755763402,1.0,0.7072299781154401,1.0,1.0,1.0,1.0,0.9139337034176129,0.2254033307585167,1.0,0.5859606643945874,1.0,1.0,0.44818073202858844,0.7038255611204538,1.0,0.8174258141649446,0.726138721247417
0.3114696273409038,0.2647853779061923,0.3071796769724492,0.0,0.3291796067500631,0.25579159246474925,0.4836022205056778,0.3238765962171869,0.25579159246474925,0.3675444679663241,1.0,0.25579159246474925,1.0,0.3675444679663241,1.0,0.40371520600005606,0.3675444679663241,1.0,0.6619382981085935,0.21927994164117337,0.20943058495790523,0.3574245368780009,0.26970325665977857,0.12168993434632014,0.6000000000000001,1.0,1.0,0.26970325665977857,2.220446049250313E-16,1.0,0.0963038858849361,1.0,0.20000000000000018,0.16954520146260033,0.3492086265440315,0.4606401100294063,0.4836022205056778,2.220446049250313E-16,0.0963038858849361,1.0,0.2254033307585166,0.6886004223353908,0.12168993434632014,1.0,0.6348516283298893,0.34680273525781924,0.29289321881345254,0.0871290708247231,0.25579159246474925,0.5381197846482995,0.02381293981604715,0.05612019255146106,0.3114696273409038,0.40371520600005606,0.05612019255146106,0.010050506338833642,0.3675444679663241,0.0871290708247231,0.2828628343993639,0.3492086265440315,0.3675444679663241,0.16954520146260033,0.4836022205056778,0.20000000000000018,1.0,0.5219085562662426,1.0,1.0,0.683772233983162,1.0,1.0,1.0,1.0,1.0,1.0,1.0,0.5038610616431661,1.0,1.0,1.0,0.5527864045000421,1.0,0.6619382981085935,1.0,0.7519305308215831,1.0,1.0,1.0,1.0,1.0,1.0,1.0,0.40371520600005606,1.0,0.7609542781331213,1.0,1.0,0.7059141511624769,0.7948043295829692,1.0,0.7891814893221081,1.0
0.6150998205402495,0.5068030380839281,0.6127016653792583,0.3291796067500631,0.0,0.5839748528310782,0.7113248654051871,0.6220355269907728,0.5839748528310782,0.6464466094067263,1.0,0.5839748528310782,1.0,0.6464466094067263,1.0,0.6666666666666667,0.4107443490112104,1.0,0.8110177634953863,0.5635642195280153,0.5580582617584078,0.6407893959464501,0.5917517095361369,0.454455274410019,0.7763932022500211,1.0,1.0,0.5917517095361369,0.3291796067500631,1.0,0.42264973081037416,1.0,0.5527864045000421,0.5357616545573702,0.3936609374091675,0.6984886554222364,0.5669872981077806,0.3291796067500631,0.42264973081037416,1.0,0.42264973081037416,0.3907282041550576,0.454455274410019,0.7113248654051871,0.7958758547680684,0.6348516283298893,0.5256583509747431,0.3876275643042054,0.5839748528310782,0.7418011102528389,0.3936609374091675,0.39697731084447274,0.42264973081037427,0.6666666666666667,0.39697731084447274,0.3675444679663241,0.6464466094067263,0.3876275643042054,0.5991081371313633,0.6361965624455006,0.6464466094067263,0.5357616545573702,0.42264973081037416,0.5527864045000421,1.0,0.7327387580875756,1.0,1.0,0.6464466094067263,1.0,0.7763932022500211,1.0,0.841886116991581,1.0,1.0,0.7113248654051871,0.5839748528310782,1.0,1.0,1.0,0.5,1.0,0.6220355269907728,0.8110177634953863,0.7226499018873854,1.0,0.8110177634953863,1.0,1.0,0.7763932022500211,1.0,0.6666666666666667,0.5,1.0,0.4654775161751512,1.0,0.6872283789143878,0.5890025317366068,0.4264606653235956,1.0,0.882148869802242,1.0
0.09260712843783947,0.0880784948248935,0.14066215115268055,0.25579159246474925,0.5839748528310782,0.0,0.2794233078771078,0.26620061429465713,0.15384615384615374,0.21553545944726393,1.0,0.15384615384615374,1.0,0.21553545944726393,1.0,0.2603997383663611,0.2155354594472637,0.7226499018873854,0.371029097966849,0.15268145426367652,0.11747739187817197,0.1531696816425795,0.20740607609878292,0.15268145426367652,0.3798263270539577,1.0,0.7226499018873854,0.20740607609878292,0.25579159246474925,1.0,0.2794233078771078,1.0,0.1317568578755407,0.12445545553817183,0.2600599266040562,0.24738219099361825,0.1993592309745642,0.25579159246474925,0.1993592309745642,0.803883864861816,0.5196155385847385,0.5654759053732592,0.15268145426367652,0.9199359230974564,0.4338614829277021,0.13917153797888326,0.38605938648507954,0.20740607609878292,0.07692307692307676,0.4271081007684536,0.19279264720442502,0.24738219099361825,0.1459831797062019,0.07549967295795135,0.16375798999290914,0.21064778262367367,0.11747739187817197,0.32063377951324246,0.1846257516727886,0.2600599266040562,0.11747739187817197,0.12445545553817183,0.5196155385847385,0.25579159246474925,0.803883864861816,0.5552504100033393,1.0,1.0,0.6077677297236319,1.0,1.0,0.8613249509436927,1.0,0.901941932430908,1.0,1.0,0.3076923076923076,1.0,1.0,1.0,0.5839748528310782,1.0,0.4758575816390408,1.0,0.6153846153846153,0.7519305308215831,0.7903430326556163,1.0,1.0,1.0,1.0,0.9075499672957952,0.2603997383663611,1.0,0.6293753416694494,1.0,1.0,0.4984431721536914,0.7454860948096889,1.0,0.803883864861816,0.803883864861816
0.33333333333333337,0.14575780382275083,0.3291796067500631,0.4836022205056778,0.7113248654051871,0.2794233078771078,0.0,0.454455274410019,0.35948738477965136,0.38762756430420553,0.7113248654051871,0.35948738477965136,1.0,0.38762756430420553,1.0,0.23019964108049895,0.3876275643042054,1.0,0.454455274410019,0.2440710539815455,0.33659652799622264,0.32598139842522345,0.4107443490112104,0.37005921165128797,0.4836022205056778,1.0,1.0,0.2928932188134524,0.4836022205056778,1.0,0.33333333333333326,1.0,0.3545027756320972,0.356732479097323,0.439887966388796,0.2166505481993597,0.2499999999999999,0.4836022205056778,0.41666666666666663,0.7958758547680685,0.6666666666666666,0.6482367646592757,0.37005921165128797,0.8333333333333333,0.2928932188134524,0.20943058495790523,0.1784161637422509,0.4107443490112104,0.2794233078771078,0.25464400750007,0.439887966388796,0.4777670321329065,0.33333333333333337,0.3264246859454366,0.3907282041550576,0.4522774424948339,0.28556549168823975,0.5285954792089682,0.2284832501895404,0.15983194958319402,0.18350341907227408,0.356732479097323,0.6666666666666666,0.4836022205056778,0.38762756430420553,0.38278660015163224,1.0,1.0,0.6938137821521028,1.0,1.0,1.0,1.0,0.38762756430420553,1.0,1.0,0.43955146168219494,1.0,1.0,1.0,0.7113248654051871,0.5285954792089682,0.5635642195280153,0.5635642195280153,0.6797436923898257,0.7418011102528389,0.7817821097640076,1.0,0.8556624327025936,1.0,1.0,0.9037749551350623,0.23019964108049895,1.0,0.6913933000758161,1.0,0.6388424407426923,0.3830473027608756,0.8013201464402434,1.0,0.3195861825602282,0.38762756430420553
0.1998677358013613,0.31649325739867995,0.2192799416411736,0.3238765962171869,0.6220355269907728,0.26620061429465713,0.454455274410019,0.0,0.26620061429465713,0.33184689521893906,1.0,0.26620061429465713,1.0,0.4654775161751513,1.0,0.37005921165128797,0.3763904355376765,1.0,0.5714285714285715,0.2576925110419097,0.265031584740833,0.2532713433676562,0.38278660015163235,0.340171120926142,0.49290744716289014,1.0,1.0,0.38278660015163235,0.3238765962171869,1.0,0.3453463292920228,1.0,0.23936117074433516,0.22795135302204395,0.35831105208025216,0.3162365412421724,0.3453463292920228,0.3238765962171869,0.3453463292920228,1.0,0.5635642195280153,0.6710241525201155,0.340171120926142,1.0,0.5370899501137243,0.24092788472341042,0.5219085562662426,0.38278660015163235,0.26620061429465713,0.41445995623088017,0.26664120237743105,0.3162365412421724,0.3453463292920229,0.37005921165128797,0.3162365412421724,0.2828628343993639,0.265031584740833,0.38278660015163235,0.2928932188134524,0.35831105208025216,0.33184689521893906,0.22795135302204395,0.5635642195280153,0.3238765962171869,0.8663693790437879,0.5959389821791157,1.0,1.0,0.5991081371313635,1.0,1.0,1.0,1.0,0.9331846895218939,1.0,1.0,0.371029097966849,1.0,1.0,1.0,0.6220355269907728,1.0,0.5714285714285715,1.0,0.6855145489834245,1.0,0.8571428571428572,1.0,1.0,1.0,1.0,1.0,0.37005921165128797,1.0,0.6969542366343368,1.0,1.0,0.62717814039928,0.739867009142764,1.0,0.8218258387250504,0.8663693790437879
0.1459831797062019,0.22486672060115942,0.06905066374873725,0.25579159246474925,0.5839748528310782,0.15384615384615374,0.35948738477965136,0.26620061429465713,0.0,0.11747739187817197,1.0,0.07692307692307676,1.0,0.21553545944726393,1.0,0.2603997383663611,0.2155354594472637,1.0,0.371029097966849,0.15268145426367652,0.166506425662718,0.20298322978125127,0.32063377951324246,0.2737269607974371,0.25579159246474925,1.0,1.0,0.32063377951324246,0.25579159246474925,1.0,0.2794233078771078,1.0,0.007722123286332261,0.07295283527571128,0.12552536780479373,0.33100639199432735,0.2794233078771078,0.25579159246474925,0.2794233078771078,0.6077677297236319,0.5196155385847385,0.5654759053732592,0.2737269607974371,1.0,0.4338614829277021,0.13917153797888326,0.4737651884157824,0.32063377951324246,0.07692307692307676,0.35549661336451044,0.19279264720442502,0.16375798999290914,0.19935923097456432,0.2603997383663611,0.24738219099361825,0.21064778262367367,0.166506425662718,0.20740607609878292,0.1846257516727886,0.2600599266040562,0.313593527016356,0.02145021501325084,0.5196155385847385,0.25579159246474925,0.803883864861816,0.5552504100033393,1.0,1.0,0.6077677297236319,1.0,1.0,1.0,1.0,0.901941932430908,1.0,1.0,0.3076923076923076,1.0,1.0,1.0,0.5839748528310782,1.0,0.4758575816390408,1.0,0.6153846153846153,1.0,0.7903430326556163,1.0,1.0,1.0,1.0,0.9075499672957952,0.2603997383663611,1.0,0.6293753416694494,1.0,1.0,0.4984431721536914,0.7454860948096889,1.0,0.803883864861816,0.803883864861816
0.18350341907227408,0.30251416753708427,0.08712907082472332,0.3675444679663241,0.6464466094067263,0.21553545944726393,0.38762756430420553,0.33184689521893906,0.11747739187817197,0.0,1.0,0.11747739187817197,1.0,0.2500000000000001,1.0,0.29289321881345254,0.25,1.0,0.33184689521893906,0.22848325018954052,0.2500000000000001,0.23799923799885703,0.42264973081037416,0.38278660015163235,0.20943058495790523,1.0,1.0,0.42264973081037416,0.3675444679663241,1.0,0.38762756430420553,1.0,0.13037364345369573,0.1465081864118034,0.2282563668587103,0.3603978509331687,0.28556549168823975,0.3675444679663241,0.38762756430420553,0.5000000000000001,0.5917517095361371,0.5691797815723354,0.38278660015163235,1.0,0.42264973081037416,0.16085360832172635,0.5527864045000421,0.42264973081037416,0.11747739187817197,0.36099034957730636,0.3140056594299647,0.3603978509331687,0.2515448008162513,0.29289321881345254,0.3603978509331687,0.3291796067500631,0.18750000000000022,0.42264973081037416,0.2440710539815456,0.3140056594299647,0.3750000000000001,0.1465081864118034,0.5917517095361371,0.3675444679663241,0.75,0.6220355269907728,1.0,1.0,0.625,1.0,1.0,1.0,1.0,0.875,1.0,1.0,0.313593527016356,1.0,1.0,1.0,0.6464466094067263,1.0,0.4654775161751513,1.0,0.6077677297236319,1.0,0.7327387580875757,1.0,1.0,1.0,1.0,0.882148869802242,0.29289321881345254,1.0,0.6220355269907728,1.0,1.0,0.4768856256528132,0.7566678683038562,1.0,0.8333333333333334,0.75
1.0,1.0,1.0,1.0,1.0,1.0,0.7113248654051871,1.0,1.0,1.0,0.0,1.0,1.0,1.0,1.0,1.0,1.0,1.0,1.0,1.0,1.0,1.0,1.0,1.0,1.0,1.0,1.0,1.0,1.0,1.0,1.0,1.0,1.0,1.0,1.0,1.0,1.0,1.0,1.0,1.0,1.0,1.0,1.0,0.7113248654051871,1.0,1.0,1.0,1.0,1.0,1.0,1.0,1.0,1.0,1.0,1.0,1.0,1.0,1.0,1.0,1.0,1.0,1.0,1.0,1.0,1.0,1.0,1.0,1.0,1.0,1.0,1.0,1.0,1.0,1.0,1.0,1.0,1.0,1.0,1.0,1.0,1.0,1.0,1.0,1.0,1.0,1.0,1.0,1.0,0.5,1.0,1.0,1.0,1.0,1.0,1.0,1.0,1.0,1.0,1.0,1.0,1.0,1.0
0.1459831797062019,0.22486672060115942,0.06905066374873725,0.25579159246474925,0.5839748528310782,0.15384615384615374,0.35948738477965136,0.26620061429465713,0.07692307692307676,0.11747739187817197,1.0,0.0,1.0,0.21553545944726393,1.0,0.2603997383663611,0.2155354594472637,1.0,0.371029097966849,0.15268145426367652,0.166506425662718,0.20298322978125127,0.32063377951324246,0.2737269607974371,0.25579159246474925,1.0,1.0,0.32063377951324246,0.25579159246474925,1.0,0.2794233078771078,1.0,0.06973949058093654,0.07295283527571128,0.19279264720442502,0.33100639199432735,0.2794233078771078,0.25579159246474925,0.2794233078771078,0.6077677297236319,0.5196155385847385,0.5654759053732592,0.2737269607974371,1.0,0.4338614829277021,0.13917153797888326,0.4737651884157824,0.32063377951324246,0.07692307692307676,0.35549661336451044,0.19279264720442502,0.24738219099361825,0.19935923097456432,0.2603997383663611,0.24738219099361825,0.21064778262367367,0.166506425662718,0.32063377951324246,0.1846257516727886,0.2600599266040562,0.313593527016356,0.07295283527571128,0.5196155385847385,0.25579159246474925,0.803883864861816,0.5552504100033393,1.0,1.0,0.6077677297236319,1.0,1.0,1.0,1.0,0.901941932430908,1.0,1.0,0.3076923076923076,1.0,1.0,1.0,0.5839748528310782,1.0,0.4758575816390408,1.0,0.6153846153846153,1.0,0.7903430326556163,1.0,1.0,1.0,1.0,0.9075499672957952,0.2603997383663611,1.0,0.6293753416694494,1.0,1.0,0.4984431721536914,0.7454860948096889,1.0,0.803883864861816,0.803883864861816
1.0,1.0,1.0,1.0,1.0,1.0,1.0,1.0,1.0,1.0,1.0,1.0,0.0,1.0,1.0,1.0,1.0,1.0,1.0,1.0,1.0,1.0,1.0,1.0,1.0,1.0,1.0,1.0,1.0,1.0,1.0,1.0,1.0,1.0,1.0,1.0,1.0,1.0,1.0,1.0,1.0,1.0,1.0,1.0,1.0,1.0,1.0,1.0,1.0,1.0,1.0,1.0,1.0,1.0,1.0,1.0,1.0,1.0,1.0,1.0,1.0,1.0,1.0,1.0,1.0,1.0,1.0,1.0,1.0,1.0,1.0,1.0,1.0,1.0,1.0,1.0,1.0,1.0,1.0,1.0,1.0,1.0,1.0,1.0,1.0,1.0,1.0,1.0,1.0,1.0,1.0,1.0,1.0,1.0,1.0,1.0,1.0,1.0,1.0,1.0,1.0,1.0
0.38762756430420553,0.2443903481651747,0.2697032566597787,0.3675444679663241,0.6464466094067263,0.21553545944726393,0.38762756430420553,0.4654775161751513,0.21553545944726393,0.2500000000000001,1.0,0.21553545944726393,1.0,0.0,1.0,0.1750420886156947,0.25,1.0,0.33184689521893906,0.1513315752084945,0.12500000000000022,0.23799923799885703,0.2783121635129677,0.22848325018954052,0.3675444679663241,1.0,1.0,0.42264973081037416,0.3675444679663241,1.0,0.38762756430420553,1.0,0.20943058495790523,0.21216140284166474,0.3140056594299647,0.4669982091109739,0.4896896369201713,0.3675444679663241,0.28556549168823975,0.5000000000000001,0.5917517095361371,0.5691797815723354,0.22848325018954052,0.6938137821521028,0.2783121635129677,0.28995305319530695,0.44098300562505255,0.2783121635129677,0.11747739187817197,0.4522774424948339,0.3140056594299647,0.3603978509331687,0.18350341907227408,0.29289321881345254,0.25379749275536356,0.3291796067500631,0.2500000000000001,0.42264973081037416,0.14957993572923878,0.2282563668587103,0.3750000000000001,0.21216140284166474,0.5917517095361371,0.3675444679663241,0.875,0.6220355269907728,1.0,1.0,0.75,1.0,1.0,1.0,1.0,0.9375,1.0,1.0,0.50970966215454,1.0,1.0,1.0,0.6464466094067263,1.0,0.5991081371313635,1.0,0.705825797292724,0.683772233983162,0.8663693790437879,1.0,1.0,1.0,0.7113248654051871,0.882148869802242,0.4107443490112105,1.0,0.7165266452430796,1.0,1.0,0.4768856256528132,0.8377785788692375,1.0,0.8333333333333334,0.75
1.0,1.0,1.0,1.0,1.0,1.0,1.0,1.0,1.0,1.0,1.0,1.0,1.0,1.0,0.0,1.0,1.0,1.0,1.0,1.0,1.0,1.0,1.0,1.0,1.0,1.0,1.0,1.0,1.0,1.0,1.0,1.0,1.0,1.0,1.0,1.0,1.0,1.0,1.0,1.0,1.0,1.0,1.0,1.0,1.0,1.0,1.0,1.0,1.0,1.0,1.0,1.0,1.0,1.0,1.0,1.0,1.0,1.0,1.0,1.0,1.0,1.0,1.0,1.0,1.0,1.0,1.0,1.0,1.0,1.0,1.0,1.0,1.0,1.0,1.0,1.0,1.0,1.0,1.0,1.0,1.0,1.0,1.0,1.0,1.0,1.0,1.0,1.0,1.0,1.0,1.0,1.0,1.0,1.0,1.0,1.0,1.0,1.0,1.0,1.0,1.0,1.0
0.2943496709904574,0.17800506347321354,0.2254033307585167,0.40371520600005606,0.6666666666666667,0.2603997383663611,0.23019964108049895,0.37005921165128797,0.2603997383663611,0.29289321881345254,1.0,0.2603997383663611,1.0,0.1750420886156947,1.0,0.0,0.2928932188134524,1.0,0.37005921165128797,0.05438914231069969,0.11611652351681567,0.10197348986612542,0.3195861825602282,0.27260703254669205,0.40371520600005606,1.0,1.0,0.3195861825602282,0.40371520600005606,1.0,0.3264246859454366,1.0,0.2546440075000701,0.25721864729179245,0.3532383332364454,0.19596974779263032,0.3264246859454366,0.40371520600005606,0.3264246859454366,0.7642977396044842,0.6150998205402495,0.5938188027700384,0.27260703254669205,0.7113248654051871,0.047420655584319515,0.14798713276974151,0.26213521262737816,0.3195861825602282,0.16794970566215628,0.13933703417612964,0.3532383332364454,0.39697731084447274,0.23019964108049895,0.33333333333333337,0.29647352931855153,0.3675444679663241,0.1750420886156947,0.45566894604818264,0.02004211298777725,0.029857499854668013,0.1750420886156947,0.25721864729179245,0.6150998205402495,0.40371520600005606,0.6464466094067263,0.4654775161751512,1.0,1.0,0.6464466094067263,1.0,1.0,1.0,1.0,0.6464466094067263,1.0,1.0,0.44529980377477085,1.0,1.0,1.0,0.6666666666666667,0.7278344730240913,0.6220355269907728,0.7480236846605153,0.7226499018873854,0.7018576030000281,0.8740118423302576,1.0,1.0,1.0,0.7278344730240913,1.0,0.33333333333333337,1.0,0.7327387580875756,1.0,0.7914855859429253,0.452003375648809,0.7705842661294383,1.0,0.5285954792089683,0.5285954792089684
0.27422526139757686,0.18626652879326488,0.20884519471476004,0.3675444679663241,0.4107443490112104,0.2155354594472637,0.3876275643042054,0.3763904355376765,0.2155354594472637,0.25,1.0,0.2155354594472637,1.0,0.25,1.0,0.2928932188134524,0.0,1.0,0.3763904355376765,0.2284832501895403,0.20833333333333337,0.2379992379988568,0.3264246859454365,0.2799177001769043,0.3675444679663241,1.0,1.0,0.42264973081037416,0.3675444679663241,1.0,0.3876275643042054,1.0,0.20943058495790523,0.21216140284166463,0.08534087923995282,0.36039785093316856,0.2515448008162511,0.3675444679663241,0.2515448008162511,0.6666666666666667,0.5917517095361369,0.1793900601377817,0.2799177001769043,0.6597930912801141,0.42264973081037416,0.2254033307585166,0.47825080525004904,0.3264246859454365,0.1501634144012024,0.4522774424948338,0.3140056594299646,0.36039785093316856,0.047420655584319626,0.2928932188134524,0.28933094548129845,0.3291796067500631,0.20833333333333337,0.42264973081037416,0.2440710539815455,0.3140056594299646,0.33333333333333337,0.21216140284166463,0.3195861825602282,0.3675444679663241,0.8333333333333334,0.6220355269907727,1.0,1.0,0.5,1.0,0.7891814893221081,1.0,0.7018576030000281,0.9166666666666666,1.0,0.7278344730240913,0.28090750449332513,1.0,1.0,1.0,0.4107443490112104,1.0,0.3763904355376765,0.8218258387250504,0.5423956846775705,0.7891814893221081,0.554564596812626,1.0,1.0,0.7891814893221081,1.0,0.6071628993408069,0.21432579868161383,1.0,0.3070651328164167,1.0,0.7051160876902056,0.3412633804516907,0.3511143154769498,1.0,0.8333333333333333,0.8333333333333334
0.8075499102701247,0.8356010126946427,1.0,1.0,1.0,0.7226499018873854,1.0,1.0,1.0,1.0,1.0,1.0,1.0,1.0,1.0,1.0,1.0,0.0,1.0,1.0,1.0,1.0,1.0,1.0,1.0,1.0,0.0,0.5917517095361369,1.0,1.0,1.0,1.0,1.0,1.0,1.0,1.0,0.7113248654051871,1.0,1.0,1.0,1.0,1.0,1.0,1.0,1.0,1.0,1.0,1.0,1.0,1.0,1.0,1.0,1.0,0.6666666666666667,1.0,1.0,1.0,1.0,1.0,1.0,0.6464466094067263,1.0,1.0,1.0,1.0,1.0,1.0,1.0,1.0,1.0,1.0,0.5,1.0,1.0,1.0,1.0,1.0,1.0,1.0,1.0,1.0,1.0,1.0,1.0,1.0,1.0,1.0,1.0,1.0,1.0,1.0,1.0,1.0,1.0,1.0,1.0,1.0,1.0,1.0,1.0,1.0,1.0
0.41808562603735366,0.44076721059892,0.3168699489360268,0.6619382981085935,0.8110177634953863,0.371029097966849,0.454455274410019,0.5714285714285715,0.371029097966849,0.33184689521893906,1.0,0.371029097966849,1.0,0.33184689521893906,1.0,0.37005921165128797,0.3763904355376765,1.0,0.0,0.42264973081037427,0.39866220569704525,0.32115576669786927,0.38278660015163235,0.5051283406946065,0.3238765962171869,1.0,1.0,0.6913933000758161,0.6619382981085935,1.0,0.6726731646460113,1.0,0.4083920216900385,0.43851007492512284,0.44998090178307326,0.43019711770181024,0.454455274410019,0.6619382981085935,0.5635642195280153,0.4654775161751513,0.7817821097640076,0.6052289830241386,0.5051283406946065,0.8908910548820038,0.38278660015163235,0.24092788472341042,0.641431417199682,0.5370899501137243,0.26620061429465713,0.5120499635257334,0.6333206011887156,0.6581182706210862,0.3453463292920229,0.37005921165128797,0.5441576941614482,0.641431417199682,0.265031584740833,0.6913933000758161,0.3939084732686735,0.44998090178307326,0.4654775161751513,0.43851007492512284,0.7817821097640076,0.6619382981085935,0.7327387580875757,0.7979694910895578,1.0,1.0,0.7327387580875757,1.0,1.0,1.0,1.0,0.8663693790437879,1.0,1.0,0.371029097966849,1.0,1.0,1.0,0.8110177634953863,1.0,0.5714285714285715,1.0,0.6855145489834245,0.6619382981085935,0.7142857142857143,1.0,1.0,1.0,1.0,0.8740118423302576,0.49604736932103044,1.0,0.6969542366343368,1.0,1.0,0.5650411637991599,0.8265780060951761,1.0,0.9109129193625252,0.7327387580875757
0.2020750014249647,0.10312999583228089,0.15484574527148343,0.21927994164117337,0.5635642195280153,0.15268145426367652,0.2440710539815455,0.2576925110419097,0.15268145426367652,0.22848325018954052,1.0,0.15268145426367652,1.0,0.1513315752084945,1.0,0.05438914231069969,0.2284832501895403,1.0,0.42264973081037427,0.0,0.035604062736925624,0.09855892807993627,0.1982162742627267,0.1428571428571429,0.41445995623088006,1.0,1.0,0.1982162742627267,0.21927994164117337,1.0,0.1810769751466743,1.0,0.12168993434632014,0.10851501167958133,0.2590414263650517,0.21045796604827716,0.3070651328164167,0.21927994164117337,0.1810769751466743,0.8456966500379081,0.49604736932103033,0.5821445529813275,0.1428571428571429,0.8110177634953863,0.1982162742627267,0.12349901982144462,0.2409278847234103,0.1982162742627267,0.09215870099679624,0.21118936225338458,0.15319020156005902,0.21045796604827716,0.16007894886838392,0.27260703254669205,0.1446627965523002,0.17192132878917488,0.1513315752084945,0.28730335490020154,0.008539866016332498,0.047338976755066375,0.1513315752084945,0.10851501167958133,0.49604736932103033,0.21927994164117337,0.7685449750568621,0.4167881564801956,1.0,1.0,0.6142416250947702,1.0,1.0,1.0,1.0,0.7685449750568621,1.0,1.0,0.39477246733119753,1.0,1.0,1.0,0.5635642195280153,0.8218258387250503,0.5876069505788387,0.8350427802315354,0.6973862336655987,0.8048199854102933,0.9175213901157677,1.0,1.0,1.0,0.8218258387250503,1.0,0.27260703254669205,1.0,0.7083940782400978,1.0,0.8634952734420129,0.4977527976660773,0.7496869128391206,1.0,0.5885244001010882,0.6913933000758161
0.21752410994426263,0.12814270942135542,0.178416163742251,0.20943058495790523,0.5580582617584078,0.11747739187817197,0.33659652799622264,0.265031584740833,0.166506425662718,0.2500000000000001,1.0,0.166506425662718,1.0,0.12500000000000022,1.0,0.11611652351681567,0.20833333333333337,1.0,0.39866220569704525,0.035604062736925624,0.0,0.0792490792486189,0.1339745962155613,0.07417990022744858,0.4466014094705336,1.0,1.0,0.2783121635129677,0.20943058495790523,1.0,0.23453445538025697,1.0,0.13037364345369573,0.11368157819687275,0.2711310131443375,0.25379749275536356,0.38762756430420553,0.20943058495790523,0.13247238276429119,0.875,0.4896896369201713,0.5691797815723354,0.07417990022744858,0.7958758547680685,0.2783121635129677,0.16085360832172635,0.3291796067500631,0.1339745962155613,0.06844835809362593,0.36099034957730636,0.1425070742874559,0.20049731366646095,0.11546203732829696,0.23396765371457362,0.09389695548865573,0.16147450843757893,0.12500000000000022,0.2783121635129677,0.05508881747693195,0.1425070742874559,0.18750000000000022,0.11368157819687275,0.4896896369201713,0.20943058495790523,0.9375,0.527544408738466,1.0,1.0,0.625,1.0,1.0,1.0,1.0,0.96875,1.0,1.0,0.411651594585448,1.0,1.0,1.0,0.5580582617584078,1.0,0.5991081371313635,1.0,0.705825797292724,0.683772233983162,0.9331846895218939,1.0,1.0,1.0,0.8556624327025936,1.0,0.35181878391233157,1.0,0.7165266452430796,1.0,1.0,0.5931332643966325,0.7566678683038562,1.0,0.7916666666666666,0.875
0.13587358772464564,0.20277289626738504,0.11889609805568024,0.3574245368780009,0.6407893959464501,0.1531696816425795,0.32598139842522345,0.2532713433676562,0.20298322978125127,0.23799923799885703,1.0,0.20298322978125127,1.0,0.23799923799885703,1.0,0.10197348986612542,0.2379992379988568,1.0,0.32115576669786927,0.09855892807993627,0.0792490792486189,0.0,0.2667644248932334,0.2161381983303794,0.3574245368780009,1.0,1.0,0.4134115399145868,0.3574245368780009,1.0,0.37782898316174474,1.0,0.1967806710975012,0.1995551848419158,0.3030290530095485,0.1335514222817883,0.27413381368870215,0.3574245368780009,0.27413381368870215,0.8729998729998095,0.5852193221078298,0.5622862203634943,0.2161381983303794,0.7926096610539148,0.19344086738255672,0.08184382990246575,0.4320381657529352,0.2667644248932334,0.10335613350390771,0.2580177667837307,0.3030290530095485,0.3501635667113412,0.1704386442156598,0.2217103578839753,0.24185749449656468,0.3184457989035222,0.047499047498571256,0.4134115399145868,0.08797081459909317,0.17234700044883888,0.17449917449876173,0.1995551848419158,0.5852193221078298,0.3574245368780009,0.8094998094997142,0.6159877114101444,1.0,1.0,0.5554995554993333,1.0,1.0,1.0,1.0,0.9047499047498572,1.0,1.0,0.30261032605859484,1.0,1.0,1.0,0.6407893959464501,1.0,0.5248090366885085,1.0,0.6513051630292974,0.6787122684390005,0.7963467300093607,1.0,1.0,1.0,0.8533528849786467,1.0,0.3414472259018253,1.0,0.6639892474838764,1.0,1.0,0.5275691237140059,0.7115700247993848,1.0,0.8306664973330793,0.745999745999619
0.37146063894529113,0.19461273374317067,0.3675444679663241,0.26970325665977857,0.5917517095361369,0.20740607609878292,0.4107443490112104,0.38278660015163235,0.32063377951324246,0.42264973081037416,1.0,0.32063377951324246,1.0,0.2783121635129677,1.0,0.3195861825602282,0.3264246859454365,1.0,0.38278660015163235,0.1982162742627267,0.1339745962155613,0.2667644248932334,0.0,0.10912919362525197,0.6348516283298893,1.0,1.0,0.33333333333333326,0.26970325665977857,1.0,0.2928932188134524,1.0,0.26970325665977857,0.24190195642109646,0.4059114742139954,0.3845425451033362,0.5285954792089682,0.26970325665977857,0.17504208861569448,1.0,0.5285954792089682,0.6446654727406492,0.10912919362525197,0.882148869802242,0.4999999999999999,0.3291796067500631,0.3545027756320971,0.16666666666666652,0.20740607609878292,0.5783629786442162,0.20788196561866046,0.2614510541240035,0.21432579868161383,0.3195861825602282,0.13835956314467068,0.2254033307585166,0.2783121635129677,0.33333333333333326,0.23623738417402662,0.30689671991632794,0.2783121635129677,0.24190195642109646,0.5285954792089682,0.26970325665977857,1.0,0.5635642195280153,1.0,1.0,0.7113248654051871,1.0,1.0,1.0,1.0,1.0,1.0,1.0,0.4338614829277021,1.0,1.0,1.0,0.5917517095361369,1.0,0.6913933000758161,1.0,0.7735445931710808,0.6348516283298893,1.0,1.0,1.0,1.0,1.0,1.0,0.45566894604818264,1.0,0.7817821097640076,1.0,1.0,0.7315375779143902,0.8126828376836612,1.0,0.8075499102701247,1.0
0.3280631590947072,0.13900479599898974,0.3238765962171868,0.12168993434632014,0.454455274410019,0.15268145426367652,0.37005921165128797,0.340171120926142,0.2737269607974371,0.38278660015163235,1.0,0.2737269607974371,1.0,0.22848325018954052,1.0,0.27260703254669205,0.2799177001769043,1.0,0.5051283406946065,0.1428571428571429,0.07417990022744858,0.2161381983303794,0.10912919362525197,0.0,0.6096399708205866,1.0,1.0,0.28730335490020154,0.12168993434632014,1.0,0.1810769751466743,1.0,0.21927994164117337,0.18955910152689215,0.3648926511700442,0.342048305040231,0.49604736932103033,0.12168993434632014,0.05508881747693184,1.0,0.37005921165128797,0.6201314118012069,0.0,0.8740118423302576,0.4654775161751512,0.28286283439936377,0.2409278847234103,0.02004211298777714,0.15268145426367652,0.5492510641447912,0.10026458915756264,0.1446627965523002,0.16007894886838392,0.27260703254669205,0.013072457560346362,0.10291477285493944,0.22848325018954052,0.1982162742627267,0.18350341907227385,0.2590414263650517,0.22848325018954052,0.18955910152689215,0.49604736932103033,0.21927994164117337,1.0,0.5334305251841565,1.0,1.0,0.6913933000758161,1.0,1.0,1.0,1.0,1.0,1.0,1.0,0.515817973864958,1.0,1.0,1.0,0.5635642195280153,1.0,0.670085560463071,1.0,0.757908986932479,0.6096399708205866,1.0,1.0,1.0,1.0,1.0,1.0,0.41808562603735366,1.0,0.7667152625920782,1.0,1.0,0.7130015986663298,0.7997495302712965,1.0,0.7942622000505442,1.0
0.3114696273409038,0.48534976453433465,0.191709623134524,0.6000000000000001,0.7763932022500211,0.3798263270539577,0.4836022205056778,0.49290744716289014,0.25579159246474925,0.20943058495790523,1.0,0.25579159246474925,1.0,0.3675444679663241,1.0,0.40371520600005606,0.3675444679663241,1.0,0.3238765962171869,0.41445995623088006,0.4466014094705336,0.3574245368780009,0.6348516283298893,0.6096399708205866,0.0,1.0,1.0,0.6348516283298893,0.6000000000000001,1.0,0.4836022205056778,1.0,0.30000000000000016,0.2525906813163403,0.3492086265440315,0.4606401100294063,0.3545027756320972,0.6000000000000001,0.6127016653792583,0.3675444679663241,0.7418011102528389,0.6107505279192385,0.6096399708205866,1.0,0.4522774424948339,0.26515307716504666,0.7171572875253811,0.6348516283298893,0.25579159246474925,0.3071796769724492,0.5661390843626877,0.5954800825220548,0.39753592392329073,0.40371520600005606,0.5954800825220548,0.5757359312880715,0.28848752646211473,0.6348516283298893,0.4023856953328032,0.4576738554533596,0.5256583509747431,0.3356361611700802,0.7418011102528389,0.6000000000000001,0.683772233983162,0.7609542781331213,1.0,1.0,0.683772233983162,1.0,1.0,1.0,1.0,0.841886116991581,1.0,1.0,0.3798263270539577,1.0,1.0,1.0,0.7763932022500211,1.0,0.49290744716289014,1.0,0.6278957962323746,1.0,0.6619382981085935,1.0,1.0,1.0,1.0,0.850928801500014,0.40371520600005606,1.0,0.641431417199682,1.0,1.0,0.48534976453433465,0.7948043295829692,1.0,0.894590744661054,0.683772233983162
1.0,1.0,1.0,1.0,1.0,1.0,1.0,1.0,1.0,1.0,1.0,1.0,1.0,1.0,1.0,1.0,1.0,1.0,1.0,1.0,1.0,1.0,1.0,1.0,1.0,0.0,1.0,1.0,1.0,1.0,1.0,1.0,1.0,1.0,1.0,1.0,1.0,1.0,1.0,1.0,1.0,1.0,1.0,1.0,1.0,1.0,1.0,1.0,1.0,1.0,1.0,1.0,1.0,1.0,1.0,1.0,1.0,1.0,1.0,1.0,1.0,1.0,1.0,1.0,1.0,1.0,1.0,1.0,1.0,1.0,1.0,1.0,1.0,1.0,1.0,1.0,1.0,1.0,1.0,1.0,1.0,1.0,1.0,1.0,1.0,1.0,1.0,1.0,1.0,1.0,1.0,1.0,1.0,1.0,1.0,1.0,1.0,1.0,1.0,1.0,1.0,1.0
0.8075499102701247,0.8356010126946427,1.0,1.0,1.0,0.7226499018873854,1.0,1.0,1.0,1.0,1.0,1.0,1.0,1.0,1.0,1.0,1.0,0.0,1.0,1.0,1.0,1.0,1.0,1.0,1.0,1.0,0.0,0.5917517095361369,1.0,1.0,1.0,1.0,1.0,1.0,1.0,1.0,0.7113248654051871,1.0,1.0,1.0,1.0,1.0,1.0,1.0,1.0,1.0,1.0,1.0,1.0,1.0,1.0,1.0,1.0,0.6666666666666667,1.0,1.0,1.0,1.0,1.0,1.0,0.6464466094067263,1.0,1.0,1.0,1.0,1.0,1.0,1.0,1.0,1.0,1.0,0.5,1.0,1.0,1.0,1.0,1.0,1.0,1.0,1.0,1.0,1.0,1.0,1.0,1.0,1.0,1.0,1.0,1.0,1.0,1.0,1.0,1.0,1.0,1.0,1.0,1.0,1.0,1.0,1.0,1.0,1.0
0.2928932188134524,0.12749712822176829,0.3675444679663241,0.26970325665977857,0.5917517095361369,0.20740607609878292,0.2928932188134524,0.38278660015163235,0.32063377951324246,0.42264973081037416,1.0,0.32063377951324246,1.0,0.42264973081037416,1.0,0.3195861825602282,0.42264973081037416,0.5917517095361369,0.6913933000758161,0.1982162742627267,0.2783121635129677,0.4134115399145868,0.33333333333333326,0.28730335490020154,0.6348516283298893,1.0,0.5917517095361369,0.0,0.26970325665977857,1.0,0.17504208861569448,1.0,0.26970325665977857,0.24190195642109646,0.4059114742139954,0.3845425451033362,0.2928932188134524,0.26970325665977857,0.2928932188134524,1.0,0.5285954792089682,0.7157323781925193,0.28730335490020154,1.0,0.4999999999999999,0.3291796067500631,0.2254033307585166,0.33333333333333326,0.32063377951324246,0.3675444679663241,0.20788196561866046,0.2614510541240035,0.37146063894529113,0.3195861825602282,0.2614510541240035,0.2254033307585166,0.42264973081037416,0.33333333333333326,0.23623738417402662,0.20788196561866046,0.1339745962155613,0.24190195642109646,0.5285954792089682,0.26970325665977857,0.7113248654051871,0.3453463292920228,1.0,1.0,0.7113248654051871,1.0,1.0,0.7958758547680684,1.0,0.6391560817564839,1.0,1.0,0.5470891863421616,1.0,1.0,1.0,0.5917517095361369,0.6666666666666666,0.6913933000758161,0.6913933000758161,0.7735445931710808,1.0,1.0,1.0,1.0,1.0,1.0,1.0,0.3195861825602282,1.0,0.7817821097640076,1.0,0.7446230407723754,0.5973063668715853,0.8126828376836612,1.0,0.42264973081037416,0.7113248654051871
0.3114696273409038,0.2647853779061923,0.3071796769724492,2.220446049250313E-16,0.3291796067500631,0.25579159246474925,0.4836022205056778,0.3238765962171869,0.25579159246474925,0.3675444679663241,1.0,0.25579159246474925,1.0,0.3675444679663241,1.0,0.40371520600005606,0.3675444679663241,1.0,0.6619382981085935,0.21927994164117337,0.20943058495790523,0.3574245368780009,0.26970325665977857,0.12168993434632014,0.6000000000000001,1.0,1.0,0.26970325665977857,0.0,1.0,0.0963038858849361,1.0,0.20000000000000018,0.16954520146260033,0.3492086265440315,0.4606401100294063,0.4836022205056778,2.220446049250313E-16,0.0963038858849361,1.0,0.2254033307585166,0.6886004223353908,0.12168993434632014,1.0,0.6348516283298893,0.34680273525781924,0.29289321881345254,0.0871290708247231,0.25579159246474925,0.5381197846482995,0.02381293981604715,0.05612019255146106,0.3114696273409038,0.40371520600005606,0.05612019255146106,0.010050506338833642,0.3675444679663241,0.0871290708247231,0.2828628343993639,0.3492086265440315,0.3675444679663241,0.16954520146260033,0.4836022205056778,0.20000000000000018,1.0,0.5219085562662426,1.0,1.0,0.683772233983162,1.0,1.0,1.0,1.0,1.0,1.0,1.0,0.5038610616431661,1.0,1.0,1.0,0.5527864045000421,1.0,0.6619382981085935,1.0,0.7519305308215831,1.0,1.0,1.0,1.0,1.0,1.0,1.0,0.40371520600005606,1.0,0.7609542781331213,1.0,1.0,0.7059141511624769,0.7948043295829692,1.0,0.7891814893221081,1.0
1.0,1.0,1.0,1.0,1.0,1.0,1.0,1.0,1.0,1.0,1.0,1.0,1.0,1.0,1.0,1.0,1.0,1.0,1.0,1.0,1.0,1.0,1.0,1.0,1.0,1.0,1.0,1.0,1.0,0.0,1.0,1.0,1.0,1.0,1.0,1.0,1.0,1.0,1.0,1.0,1.0,1.0,1.0,1.0,1.0,1.0,1.0,1.0,1.0,1.0,1.0,1.0,1.0,1.0,1.0,1.0,1.0,1.0,1.0,1.0,1.0,1.0,1.0,1.0,1.0,1.0,1.0,1.0,1.0,1.0,1.0,1.0,1.0,1.0,1.0,1.0,1.0,1.0,1.0,1.0,1.0,1.0,1.0,1.0,1.0,1.0,1.0,1.0,1.0,1.0,1.0,1.0,1.0,1.0,1.0,1.0,1.0,1.0,1.0,1.0,1.0,1.0
0.33333333333333337,0.19321570361037577,0.3291796067500631,0.0963038858849361,0.42264973081037416,0.2794233078771078,0.33333333333333326,0.3453463292920228,0.2794233078771078,0.38762756430420553,1.0,0.2794233078771078,1.0,0.38762756430420553,1.0,0.3264246859454366,0.3876275643042054,1.0,0.6726731646460113,0.1810769751466743,0.23453445538025697,0.37782898316174474,0.2928932188134524,0.1810769751466743,0.4836022205056778,1.0,1.0,0.17504208861569448,0.0963038858849361,1.0,0.0,1.0,0.2254033307585166,0.14230997212976404,0.36987396218739554,0.3907282041550576,0.41666666666666663,0.0963038858849361,0.16666666666666652,1.0,0.33333333333333326,0.6984886554222364,0.1810769751466743,1.0,0.5285954792089682,0.3148398402968512,0.1784161637422509,0.17504208861569448,0.2794233078771078,0.3291796067500631,0.08981794538179355,0.1296117202215108,0.33333333333333337,0.42264973081037427,0.1296117202215108,0.0871290708247231,0.38762756430420553,0.17504208861569448,0.2284832501895404,0.2298459537845946,0.28556549168823975,0.19591559887165377,0.4999999999999999,0.2254033307585166,0.7958758547680685,0.38278660015163224,1.0,1.0,0.6938137821521028,1.0,1.0,1.0,1.0,0.7448448184600857,1.0,1.0,0.5196155385847385,1.0,1.0,1.0,0.5669872981077806,0.7642977396044841,0.6726731646460113,0.7817821097640076,0.7598077692923693,1.0,1.0,1.0,1.0,1.0,1.0,1.0,0.3264246859454366,1.0,0.7685449750568621,1.0,0.8194212203713461,0.6203368016990004,0.8013201464402434,1.0,0.5237103277921598,0.7958758547680685
1.0,1.0,1.0,1.0,1.0,1.0,1.0,1.0,1.0,1.0,1.0,1.0,1.0,1.0,1.0,1.0,1.0,1.0,1.0,1.0,1.0,1.0,1.0,1.0,1.0,1.0,1.0,1.0,1.0,1.0,1.0,0.0,1.0,1.0,1.0,1.0,1.0,1.0,1.0,1.0,1.0,1.0,1.0,1.0,1.0,1.0,1.0,1.0,1.0,1.0,1.0,1.0,1.0,1.0,1.0,1.0,1.0,1.0,1.0,1.0,1.0,1.0,1.0,1.0,1.0,1.0,1.0,1.0,1.0,1.0,1.0,1.0,1.0,1.0,1.0,1.0,1.0,1.0,1.0,1.0,1.0,1.0,1.0,1.0,1.0,1.0,1.0,1.0,1.0,1.0,1.0,1.0,1.0,1.0,1.0,1.0,1.0,1.0,1.0,1.0,1.0,1.0
